(kicad_pcb (version 20171130) (host pcbnew 5.0.1)

  (general
    (thickness 1.6)
    (drawings 6)
    (tracks 309)
    (zones 0)
    (modules 91)
    (nets 264)
  )

  (page A4)
  (title_block
    (title Exodus1000)
    (date 2019-03-16)
    (rev A)
    (company Exodus)
  )

  (layers
    (0 F.Cu signal)
    (1 In1.Cu signal)
    (2 In2.Cu signal)
    (31 B.Cu signal)
    (32 B.Adhes user)
    (33 F.Adhes user)
    (34 B.Paste user)
    (35 F.Paste user)
    (36 B.SilkS user)
    (37 F.SilkS user)
    (38 B.Mask user)
    (39 F.Mask user)
    (40 Dwgs.User user)
    (41 Cmts.User user)
    (42 Eco1.User user)
    (43 Eco2.User user)
    (44 Edge.Cuts user)
    (45 Margin user)
    (46 B.CrtYd user)
    (47 F.CrtYd user)
    (48 B.Fab user)
    (49 F.Fab user hide)
  )

  (setup
    (last_trace_width 0.25)
    (trace_clearance 0.2)
    (zone_clearance 0.508)
    (zone_45_only no)
    (trace_min 0.127)
    (segment_width 0.2)
    (edge_width 0.15)
    (via_size 0.8)
    (via_drill 0.4)
    (via_min_size 0.508)
    (via_min_drill 0.254)
    (uvia_size 0.3)
    (uvia_drill 0.1)
    (uvias_allowed no)
    (uvia_min_size 0.2)
    (uvia_min_drill 0.1)
    (pcb_text_width 0.3)
    (pcb_text_size 1.5 1.5)
    (mod_edge_width 0.15)
    (mod_text_size 1 1)
    (mod_text_width 0.15)
    (pad_size 1.524 1.524)
    (pad_drill 0.762)
    (pad_to_mask_clearance 0.051)
    (solder_mask_min_width 0.25)
    (aux_axis_origin 0 0)
    (visible_elements FFFFFF7F)
    (pcbplotparams
      (layerselection 0x010fc_ffffffff)
      (usegerberextensions false)
      (usegerberattributes false)
      (usegerberadvancedattributes false)
      (creategerberjobfile false)
      (excludeedgelayer true)
      (linewidth 0.100000)
      (plotframeref false)
      (viasonmask false)
      (mode 1)
      (useauxorigin false)
      (hpglpennumber 1)
      (hpglpenspeed 20)
      (hpglpendiameter 15.000000)
      (psnegative false)
      (psa4output false)
      (plotreference true)
      (plotvalue true)
      (plotinvisibletext false)
      (padsonsilk false)
      (subtractmaskfromsilk false)
      (outputformat 1)
      (mirror false)
      (drillshape 1)
      (scaleselection 1)
      (outputdirectory ""))
  )

  (net 0 "")
  (net 1 "Net-(U1-Pad1)")
  (net 2 "Net-(U1-Pad2)")
  (net 3 "Net-(U1-Pad3)")
  (net 4 "Net-(U1-Pad4)")
  (net 5 "Net-(U1-Pad5)")
  (net 6 "Net-(U1-Pad6)")
  (net 7 "Net-(U1-Pad11)")
  (net 8 "Net-(U1-Pad12)")
  (net 9 "Net-(U1-Pad13)")
  (net 10 "Net-(U1-Pad14)")
  (net 11 "Net-(U1-Pad15)")
  (net 12 "Net-(U1-Pad27)")
  (net 13 "Net-(U1-Pad29)")
  (net 14 "Net-(U1-Pad30)")
  (net 15 "Net-(U1-Pad31)")
  (net 16 "Net-(U1-Pad32)")
  (net 17 "Net-(U1-Pad33)")
  (net 18 "Net-(U1-Pad34)")
  (net 19 "Net-(U1-Pad35)")
  (net 20 "Net-(U1-Pad36)")
  (net 21 "Net-(U1-Pad37)")
  (net 22 "Net-(U1-Pad38)")
  (net 23 "Net-(U1-Pad42)")
  (net 24 "Net-(U1-Pad43)")
  (net 25 "Net-(U1-Pad44)")
  (net 26 "Net-(U1-Pad45)")
  (net 27 "Net-(U1-Pad46)")
  (net 28 "Net-(U1-Pad60)")
  (net 29 "Net-(U1-Pad61)")
  (net 30 "Net-(U1-Pad63)")
  (net 31 "Net-(U1-Pad64)")
  (net 32 "Net-(U1-Pad65)")
  (net 33 "Net-(U1-Pad66)")
  (net 34 "Net-(U1-Pad67)")
  (net 35 "Net-(U1-Pad70)")
  (net 36 "Net-(U1-Pad71)")
  (net 37 "Net-(U1-Pad72)")
  (net 38 "Net-(U1-Pad73)")
  (net 39 "Net-(U1-Pad74)")
  (net 40 "Net-(U1-Pad85)")
  (net 41 "Net-(U1-Pad86)")
  (net 42 "Net-(U1-Pad91)")
  (net 43 "Net-(U1-Pad96)")
  (net 44 "Net-(U1-Pad102)")
  (net 45 "Net-(U1-Pad105)")
  (net 46 "Net-(U1-Pad106)")
  (net 47 "Net-(U1-Pad107)")
  (net 48 "Net-(U1-Pad108)")
  (net 49 "Net-(U1-Pad109)")
  (net 50 "Net-(U1-Pad110)")
  (net 51 "Net-(U1-Pad111)")
  (net 52 "Net-(U1-Pad112)")
  (net 53 "Net-(U1-Pad116)")
  (net 54 "Net-(U1-Pad117)")
  (net 55 "Net-(U1-Pad118)")
  (net 56 "Net-(U1-Pad119)")
  (net 57 "Net-(U1-Pad120)")
  (net 58 "Net-(U1-Pad121)")
  (net 59 "Net-(U1-Pad123)")
  (net 60 "Net-(U1-Pad124)")
  (net 61 "Net-(U1-Pad125)")
  (net 62 "Net-(U1-Pad126)")
  (net 63 "Net-(U1-Pad127)")
  (net 64 "Net-(U1-Pad128)")
  (net 65 "Net-(M3-Pad12)")
  (net 66 "Net-(M3-Pad13)")
  (net 67 "Net-(M3-Pad14)")
  (net 68 "Net-(M3-Pad15)")
  (net 69 "Net-(M3-Pad16)")
  (net 70 "Net-(M3-Pad17)")
  (net 71 "Net-(M3-Pad18)")
  (net 72 "Net-(M3-Pad19)")
  (net 73 "Net-(M3-Pad20)")
  (net 74 "Net-(M3-Pad21)")
  (net 75 "Net-(M3-Pad22)")
  (net 76 "Net-(M3-Pad23)")
  (net 77 "Net-(M3-Pad24)")
  (net 78 "Net-(M1-Pad12)")
  (net 79 "Net-(M1-Pad13)")
  (net 80 "Net-(M1-Pad14)")
  (net 81 "Net-(M1-Pad15)")
  (net 82 "Net-(M1-Pad16)")
  (net 83 "Net-(M1-Pad17)")
  (net 84 "Net-(M1-Pad18)")
  (net 85 "Net-(M1-Pad19)")
  (net 86 "Net-(M1-Pad20)")
  (net 87 "Net-(M1-Pad21)")
  (net 88 "Net-(M1-Pad22)")
  (net 89 "Net-(M1-Pad23)")
  (net 90 "Net-(M1-Pad24)")
  (net 91 "Net-(M2-Pad24)")
  (net 92 "Net-(M2-Pad23)")
  (net 93 "Net-(M2-Pad22)")
  (net 94 "Net-(M2-Pad21)")
  (net 95 "Net-(M2-Pad20)")
  (net 96 "Net-(M2-Pad19)")
  (net 97 "Net-(M2-Pad18)")
  (net 98 "Net-(M2-Pad17)")
  (net 99 "Net-(M2-Pad16)")
  (net 100 "Net-(M2-Pad15)")
  (net 101 "Net-(M2-Pad14)")
  (net 102 "Net-(M2-Pad13)")
  (net 103 "Net-(M2-Pad12)")
  (net 104 "Net-(M4-Pad12)")
  (net 105 "Net-(M4-Pad13)")
  (net 106 "Net-(M4-Pad14)")
  (net 107 "Net-(M4-Pad15)")
  (net 108 "Net-(M4-Pad16)")
  (net 109 "Net-(M4-Pad17)")
  (net 110 "Net-(M4-Pad18)")
  (net 111 "Net-(M4-Pad19)")
  (net 112 "Net-(M4-Pad20)")
  (net 113 "Net-(M4-Pad21)")
  (net 114 "Net-(M4-Pad22)")
  (net 115 "Net-(M4-Pad23)")
  (net 116 "Net-(M4-Pad24)")
  (net 117 "Net-(J1-PadU1)")
  (net 118 "Net-(J1-Pad13)")
  (net 119 "Net-(J1-Pad14)")
  (net 120 "Net-(J1-Pad15)")
  (net 121 "Net-(J1-Pad16)")
  (net 122 "Net-(R2-Pad1)")
  (net 123 GND)
  (net 124 "Net-(C4-Pad2)")
  (net 125 /TM4C129/OSC1)
  (net 126 +3V3)
  (net 127 /TM4C129/ETH_RXI_N)
  (net 128 /TM4C129/ETH_RXI_P)
  (net 129 /TM4C129/ETH_TXO_N)
  (net 130 /TM4C129/ETH_TXO_P)
  (net 131 "Net-(C5-Pad1)")
  (net 132 /TM4C129/OSC0)
  (net 133 /TM4C129/USB_D_N)
  (net 134 /TM4C129/USB_D_P)
  (net 135 /TM4C129/USB_ID)
  (net 136 "Net-(C12-Pad1)")
  (net 137 "Net-(C14-Pad1)")
  (net 138 "Net-(R4-Pad1)")
  (net 139 "Net-(R5-Pad1)")
  (net 140 "Net-(R3-Pad1)")
  (net 141 "Net-(R3-Pad2)")
  (net 142 "Net-(U2-Pad1)")
  (net 143 "Net-(U2-Pad2)")
  (net 144 "Net-(U2-Pad6)")
  (net 145 "Net-(U2-Pad7)")
  (net 146 "Net-(C15-Pad2)")
  (net 147 "Net-(C16-Pad1)")
  (net 148 "Net-(C13-Pad1)")
  (net 149 +1V8)
  (net 150 +5V)
  (net 151 +BATT)
  (net 152 "Net-(J2-Pad1)")
  (net 153 "Net-(C17-Pad2)")
  (net 154 "Net-(C18-Pad2)")
  (net 155 /JTAG_TCK)
  (net 156 /JTAG_TMS)
  (net 157 /JTAG_TDI)
  (net 158 /JTAG_TDO)
  (net 159 "Net-(J2-Pad4)")
  (net 160 "Net-(R7-Pad1)")
  (net 161 "Net-(R6-Pad1)")
  (net 162 "Net-(R8-Pad1)")
  (net 163 "Net-(U4-Pad1)")
  (net 164 /Connectors/sheet5C922FED/~RESET)
  (net 165 "Net-(U4-Pad7)")
  (net 166 "Net-(U4-Pad11)")
  (net 167 "Net-(U4-Pad12)")
  (net 168 "Net-(U4-Pad15)")
  (net 169 "Net-(U4-Pad16)")
  (net 170 "Net-(U4-Pad19)")
  (net 171 "Net-(U4-Pad20)")
  (net 172 "Net-(U4-Pad23)")
  (net 173 "Net-(U4-Pad25)")
  (net 174 "Net-(U4-Pad28)")
  (net 175 "Net-(U4-Pad29)")
  (net 176 "Net-(U4-Pad32)")
  (net 177 "Net-(U4-Pad33)")
  (net 178 "Net-(U4-Pad34)")
  (net 179 "Net-(U4-Pad35)")
  (net 180 "Net-(U4-Pad36)")
  (net 181 "Net-(U4-Pad37)")
  (net 182 "Net-(U4-Pad38)")
  (net 183 "Net-(U4-Pad39)")
  (net 184 "Net-(U4-Pad40)")
  (net 185 "Net-(U4-Pad41)")
  (net 186 "Net-(U4-Pad42)")
  (net 187 "Net-(C32-Pad2)")
  (net 188 "Net-(C31-Pad2)")
  (net 189 "Net-(R29-Pad1)")
  (net 190 /Connectors/sheet5C96EC1B/ACBUS9)
  (net 191 /Connectors/sheet5C96EC1B/ACBUS8)
  (net 192 /Connectors/sheet5C96EC1B/ACBUS7)
  (net 193 /Connectors/sheet5C96EC1B/ACBUS6)
  (net 194 /Connectors/sheet5C96EC1B/ACBUS5)
  (net 195 /Connectors/sheet5C96EC1B/ACBUS4)
  (net 196 /Connectors/sheet5C96EC1B/ACBUS3)
  (net 197 /Connectors/sheet5C96EC1B/ACBUS2)
  (net 198 /Connectors/sheet5C96EC1B/ACBUS1)
  (net 199 /Connectors/sheet5C96EC1B/ACBUS0)
  (net 200 /Connectors/sheet5C96EC1B/ADBUS7)
  (net 201 /Connectors/sheet5C96EC1B/ADBUS6)
  (net 202 /Connectors/sheet5C96EC1B/ADBUS5)
  (net 203 /Connectors/~JTAG_TRST)
  (net 204 /Connectors/sheet5C96EC1B/D+)
  (net 205 /Connectors/sheet5C96EC1B/D-)
  (net 206 "Net-(U4-Pad24)")
  (net 207 "Net-(U5-Pad40)")
  (net 208 /Connectors/D4_P)
  (net 209 /Connectors/D3_N)
  (net 210 /Connectors/sheet5C922FED/DM3)
  (net 211 /Connectors/D5_N)
  (net 212 /Connectors/D2_N)
  (net 213 /Connectors/D5_P)
  (net 214 /Connectors/D2_P)
  (net 215 /Connectors/D4_N)
  (net 216 /Connectors/D1_P)
  (net 217 /Connectors/D1_N)
  (net 218 /Connectors/D3_P)
  (net 219 /Connectors/sheet5C922FED/DM5)
  (net 220 /Connectors/sheet5C922FED/DM2)
  (net 221 /Connectors/sheet5C922FED/DP2)
  (net 222 /Connectors/sheet5C922FED/DM4)
  (net 223 /Connectors/sheet5C922FED/DP4)
  (net 224 /Connectors/sheet5C922FED/DP1)
  (net 225 /Connectors/sheet5C922FED/DP5)
  (net 226 /Connectors/sheet5C922FED/DP3)
  (net 227 /Connectors/sheet5C922FED/DM1)
  (net 228 /Connectors/JTAG_TDO_2)
  (net 229 /Connectors/JTAG_TDO_3)
  (net 230 /Connectors/JTAG_TDO_1)
  (net 231 /Connectors/JTAG_TD0)
  (net 232 /Connectors/BOARD_SENSE_4)
  (net 233 /Connectors/BOARD_SENSE_3)
  (net 234 /Connectors/BOARD_SENSE_2)
  (net 235 /Connectors/BOARD_SENSE_1)
  (net 236 /Connectors/~ENABLE)
  (net 237 /Connectors/~INHIBIT)
  (net 238 /Connectors/~SYSRESET)
  (net 239 "Net-(R34-Pad1)")
  (net 240 /Memory/EPIOS31)
  (net 241 /Memory/EPIOS0)
  (net 242 /Memory/EPIOS1)
  (net 243 /Memory/EPIOS2)
  (net 244 /Memory/EPIOS3)
  (net 245 /Memory/EPIOS4)
  (net 246 /Memory/EPIOS5)
  (net 247 /Memory/EPIOS6)
  (net 248 /Memory/EPIOS7)
  (net 249 /Memory/EPIOS16)
  (net 250 /Memory/EPIOS28)
  (net 251 /Memory/EPIOS18)
  (net 252 /Memory/EPIOS19)
  (net 253 /Memory/EPIOS29)
  (net 254 /Memory/EPIOS13)
  (net 255 /Memory/EPIOS14)
  (net 256 /Memory/EPIOS10)
  (net 257 /Memory/EPIOS8)
  (net 258 /Memory/EPIOS9)
  (net 259 /Memory/EPIOS11)
  (net 260 /Memory/EPIOS12)
  (net 261 /Memory/EPIOS17)
  (net 262 /Memory/EPIOS15)
  (net 263 /Memory/EPIOS30)

  (net_class Default "This is the default net class."
    (clearance 0.2)
    (trace_width 0.25)
    (via_dia 0.8)
    (via_drill 0.4)
    (uvia_dia 0.3)
    (uvia_drill 0.1)
    (add_net +1V8)
    (add_net +3V3)
    (add_net +5V)
    (add_net +BATT)
    (add_net /Connectors/BOARD_SENSE_1)
    (add_net /Connectors/BOARD_SENSE_2)
    (add_net /Connectors/BOARD_SENSE_3)
    (add_net /Connectors/BOARD_SENSE_4)
    (add_net /Connectors/D1_N)
    (add_net /Connectors/D1_P)
    (add_net /Connectors/D2_N)
    (add_net /Connectors/D2_P)
    (add_net /Connectors/D3_N)
    (add_net /Connectors/D3_P)
    (add_net /Connectors/D4_N)
    (add_net /Connectors/D4_P)
    (add_net /Connectors/D5_N)
    (add_net /Connectors/D5_P)
    (add_net /Connectors/JTAG_TD0)
    (add_net /Connectors/JTAG_TDO_1)
    (add_net /Connectors/JTAG_TDO_2)
    (add_net /Connectors/JTAG_TDO_3)
    (add_net /Connectors/sheet5C922FED/DM1)
    (add_net /Connectors/sheet5C922FED/DM2)
    (add_net /Connectors/sheet5C922FED/DM3)
    (add_net /Connectors/sheet5C922FED/DM4)
    (add_net /Connectors/sheet5C922FED/DM5)
    (add_net /Connectors/sheet5C922FED/DP1)
    (add_net /Connectors/sheet5C922FED/DP2)
    (add_net /Connectors/sheet5C922FED/DP3)
    (add_net /Connectors/sheet5C922FED/DP4)
    (add_net /Connectors/sheet5C922FED/DP5)
    (add_net /Connectors/sheet5C922FED/~RESET)
    (add_net /Connectors/sheet5C96EC1B/ACBUS0)
    (add_net /Connectors/sheet5C96EC1B/ACBUS1)
    (add_net /Connectors/sheet5C96EC1B/ACBUS2)
    (add_net /Connectors/sheet5C96EC1B/ACBUS3)
    (add_net /Connectors/sheet5C96EC1B/ACBUS4)
    (add_net /Connectors/sheet5C96EC1B/ACBUS5)
    (add_net /Connectors/sheet5C96EC1B/ACBUS6)
    (add_net /Connectors/sheet5C96EC1B/ACBUS7)
    (add_net /Connectors/sheet5C96EC1B/ACBUS8)
    (add_net /Connectors/sheet5C96EC1B/ACBUS9)
    (add_net /Connectors/sheet5C96EC1B/ADBUS5)
    (add_net /Connectors/sheet5C96EC1B/ADBUS6)
    (add_net /Connectors/sheet5C96EC1B/ADBUS7)
    (add_net /Connectors/sheet5C96EC1B/D+)
    (add_net /Connectors/sheet5C96EC1B/D-)
    (add_net /Connectors/~ENABLE)
    (add_net /Connectors/~INHIBIT)
    (add_net /Connectors/~JTAG_TRST)
    (add_net /Connectors/~SYSRESET)
    (add_net /JTAG_TCK)
    (add_net /JTAG_TDI)
    (add_net /JTAG_TDO)
    (add_net /JTAG_TMS)
    (add_net /Memory/EPIOS0)
    (add_net /Memory/EPIOS1)
    (add_net /Memory/EPIOS10)
    (add_net /Memory/EPIOS11)
    (add_net /Memory/EPIOS12)
    (add_net /Memory/EPIOS13)
    (add_net /Memory/EPIOS14)
    (add_net /Memory/EPIOS15)
    (add_net /Memory/EPIOS16)
    (add_net /Memory/EPIOS17)
    (add_net /Memory/EPIOS18)
    (add_net /Memory/EPIOS19)
    (add_net /Memory/EPIOS2)
    (add_net /Memory/EPIOS28)
    (add_net /Memory/EPIOS29)
    (add_net /Memory/EPIOS3)
    (add_net /Memory/EPIOS30)
    (add_net /Memory/EPIOS31)
    (add_net /Memory/EPIOS4)
    (add_net /Memory/EPIOS5)
    (add_net /Memory/EPIOS6)
    (add_net /Memory/EPIOS7)
    (add_net /Memory/EPIOS8)
    (add_net /Memory/EPIOS9)
    (add_net /TM4C129/ETH_RXI_N)
    (add_net /TM4C129/ETH_RXI_P)
    (add_net /TM4C129/ETH_TXO_N)
    (add_net /TM4C129/ETH_TXO_P)
    (add_net /TM4C129/OSC0)
    (add_net /TM4C129/OSC1)
    (add_net /TM4C129/USB_D_N)
    (add_net /TM4C129/USB_D_P)
    (add_net /TM4C129/USB_ID)
    (add_net GND)
    (add_net "Net-(C12-Pad1)")
    (add_net "Net-(C13-Pad1)")
    (add_net "Net-(C14-Pad1)")
    (add_net "Net-(C15-Pad2)")
    (add_net "Net-(C16-Pad1)")
    (add_net "Net-(C17-Pad2)")
    (add_net "Net-(C18-Pad2)")
    (add_net "Net-(C31-Pad2)")
    (add_net "Net-(C32-Pad2)")
    (add_net "Net-(C4-Pad2)")
    (add_net "Net-(C5-Pad1)")
    (add_net "Net-(J1-Pad13)")
    (add_net "Net-(J1-Pad14)")
    (add_net "Net-(J1-Pad15)")
    (add_net "Net-(J1-Pad16)")
    (add_net "Net-(J1-PadU1)")
    (add_net "Net-(J2-Pad1)")
    (add_net "Net-(J2-Pad4)")
    (add_net "Net-(M1-Pad12)")
    (add_net "Net-(M1-Pad13)")
    (add_net "Net-(M1-Pad14)")
    (add_net "Net-(M1-Pad15)")
    (add_net "Net-(M1-Pad16)")
    (add_net "Net-(M1-Pad17)")
    (add_net "Net-(M1-Pad18)")
    (add_net "Net-(M1-Pad19)")
    (add_net "Net-(M1-Pad20)")
    (add_net "Net-(M1-Pad21)")
    (add_net "Net-(M1-Pad22)")
    (add_net "Net-(M1-Pad23)")
    (add_net "Net-(M1-Pad24)")
    (add_net "Net-(M2-Pad12)")
    (add_net "Net-(M2-Pad13)")
    (add_net "Net-(M2-Pad14)")
    (add_net "Net-(M2-Pad15)")
    (add_net "Net-(M2-Pad16)")
    (add_net "Net-(M2-Pad17)")
    (add_net "Net-(M2-Pad18)")
    (add_net "Net-(M2-Pad19)")
    (add_net "Net-(M2-Pad20)")
    (add_net "Net-(M2-Pad21)")
    (add_net "Net-(M2-Pad22)")
    (add_net "Net-(M2-Pad23)")
    (add_net "Net-(M2-Pad24)")
    (add_net "Net-(M3-Pad12)")
    (add_net "Net-(M3-Pad13)")
    (add_net "Net-(M3-Pad14)")
    (add_net "Net-(M3-Pad15)")
    (add_net "Net-(M3-Pad16)")
    (add_net "Net-(M3-Pad17)")
    (add_net "Net-(M3-Pad18)")
    (add_net "Net-(M3-Pad19)")
    (add_net "Net-(M3-Pad20)")
    (add_net "Net-(M3-Pad21)")
    (add_net "Net-(M3-Pad22)")
    (add_net "Net-(M3-Pad23)")
    (add_net "Net-(M3-Pad24)")
    (add_net "Net-(M4-Pad12)")
    (add_net "Net-(M4-Pad13)")
    (add_net "Net-(M4-Pad14)")
    (add_net "Net-(M4-Pad15)")
    (add_net "Net-(M4-Pad16)")
    (add_net "Net-(M4-Pad17)")
    (add_net "Net-(M4-Pad18)")
    (add_net "Net-(M4-Pad19)")
    (add_net "Net-(M4-Pad20)")
    (add_net "Net-(M4-Pad21)")
    (add_net "Net-(M4-Pad22)")
    (add_net "Net-(M4-Pad23)")
    (add_net "Net-(M4-Pad24)")
    (add_net "Net-(R2-Pad1)")
    (add_net "Net-(R29-Pad1)")
    (add_net "Net-(R3-Pad1)")
    (add_net "Net-(R3-Pad2)")
    (add_net "Net-(R34-Pad1)")
    (add_net "Net-(R4-Pad1)")
    (add_net "Net-(R5-Pad1)")
    (add_net "Net-(R6-Pad1)")
    (add_net "Net-(R7-Pad1)")
    (add_net "Net-(R8-Pad1)")
    (add_net "Net-(U1-Pad1)")
    (add_net "Net-(U1-Pad102)")
    (add_net "Net-(U1-Pad105)")
    (add_net "Net-(U1-Pad106)")
    (add_net "Net-(U1-Pad107)")
    (add_net "Net-(U1-Pad108)")
    (add_net "Net-(U1-Pad109)")
    (add_net "Net-(U1-Pad11)")
    (add_net "Net-(U1-Pad110)")
    (add_net "Net-(U1-Pad111)")
    (add_net "Net-(U1-Pad112)")
    (add_net "Net-(U1-Pad116)")
    (add_net "Net-(U1-Pad117)")
    (add_net "Net-(U1-Pad118)")
    (add_net "Net-(U1-Pad119)")
    (add_net "Net-(U1-Pad12)")
    (add_net "Net-(U1-Pad120)")
    (add_net "Net-(U1-Pad121)")
    (add_net "Net-(U1-Pad123)")
    (add_net "Net-(U1-Pad124)")
    (add_net "Net-(U1-Pad125)")
    (add_net "Net-(U1-Pad126)")
    (add_net "Net-(U1-Pad127)")
    (add_net "Net-(U1-Pad128)")
    (add_net "Net-(U1-Pad13)")
    (add_net "Net-(U1-Pad14)")
    (add_net "Net-(U1-Pad15)")
    (add_net "Net-(U1-Pad2)")
    (add_net "Net-(U1-Pad27)")
    (add_net "Net-(U1-Pad29)")
    (add_net "Net-(U1-Pad3)")
    (add_net "Net-(U1-Pad30)")
    (add_net "Net-(U1-Pad31)")
    (add_net "Net-(U1-Pad32)")
    (add_net "Net-(U1-Pad33)")
    (add_net "Net-(U1-Pad34)")
    (add_net "Net-(U1-Pad35)")
    (add_net "Net-(U1-Pad36)")
    (add_net "Net-(U1-Pad37)")
    (add_net "Net-(U1-Pad38)")
    (add_net "Net-(U1-Pad4)")
    (add_net "Net-(U1-Pad42)")
    (add_net "Net-(U1-Pad43)")
    (add_net "Net-(U1-Pad44)")
    (add_net "Net-(U1-Pad45)")
    (add_net "Net-(U1-Pad46)")
    (add_net "Net-(U1-Pad5)")
    (add_net "Net-(U1-Pad6)")
    (add_net "Net-(U1-Pad60)")
    (add_net "Net-(U1-Pad61)")
    (add_net "Net-(U1-Pad63)")
    (add_net "Net-(U1-Pad64)")
    (add_net "Net-(U1-Pad65)")
    (add_net "Net-(U1-Pad66)")
    (add_net "Net-(U1-Pad67)")
    (add_net "Net-(U1-Pad70)")
    (add_net "Net-(U1-Pad71)")
    (add_net "Net-(U1-Pad72)")
    (add_net "Net-(U1-Pad73)")
    (add_net "Net-(U1-Pad74)")
    (add_net "Net-(U1-Pad85)")
    (add_net "Net-(U1-Pad86)")
    (add_net "Net-(U1-Pad91)")
    (add_net "Net-(U1-Pad96)")
    (add_net "Net-(U2-Pad1)")
    (add_net "Net-(U2-Pad2)")
    (add_net "Net-(U2-Pad6)")
    (add_net "Net-(U2-Pad7)")
    (add_net "Net-(U4-Pad1)")
    (add_net "Net-(U4-Pad11)")
    (add_net "Net-(U4-Pad12)")
    (add_net "Net-(U4-Pad15)")
    (add_net "Net-(U4-Pad16)")
    (add_net "Net-(U4-Pad19)")
    (add_net "Net-(U4-Pad20)")
    (add_net "Net-(U4-Pad23)")
    (add_net "Net-(U4-Pad24)")
    (add_net "Net-(U4-Pad25)")
    (add_net "Net-(U4-Pad28)")
    (add_net "Net-(U4-Pad29)")
    (add_net "Net-(U4-Pad32)")
    (add_net "Net-(U4-Pad33)")
    (add_net "Net-(U4-Pad34)")
    (add_net "Net-(U4-Pad35)")
    (add_net "Net-(U4-Pad36)")
    (add_net "Net-(U4-Pad37)")
    (add_net "Net-(U4-Pad38)")
    (add_net "Net-(U4-Pad39)")
    (add_net "Net-(U4-Pad40)")
    (add_net "Net-(U4-Pad41)")
    (add_net "Net-(U4-Pad42)")
    (add_net "Net-(U4-Pad7)")
    (add_net "Net-(U5-Pad40)")
  )

  (module Capacitor_SMD:C_0603_1608Metric (layer F.Cu) (tedit 5B301BBE) (tstamp 5C96EE54)
    (at 133.985 104.6735 270)
    (descr "Capacitor SMD 0603 (1608 Metric), square (rectangular) end terminal, IPC_7351 nominal, (Body size source: http://www.tortai-tech.com/upload/download/2011102023233369053.pdf), generated with kicad-footprint-generator")
    (tags capacitor)
    (path /5CAC3D25/5CB1AA5F)
    (attr smd)
    (fp_text reference C33 (at 0 -1.43 270) (layer F.SilkS)
      (effects (font (size 1 1) (thickness 0.15)))
    )
    (fp_text value C_Small (at 0 1.43 270) (layer F.Fab)
      (effects (font (size 1 1) (thickness 0.15)))
    )
    (fp_line (start -0.8 0.4) (end -0.8 -0.4) (layer F.Fab) (width 0.1))
    (fp_line (start -0.8 -0.4) (end 0.8 -0.4) (layer F.Fab) (width 0.1))
    (fp_line (start 0.8 -0.4) (end 0.8 0.4) (layer F.Fab) (width 0.1))
    (fp_line (start 0.8 0.4) (end -0.8 0.4) (layer F.Fab) (width 0.1))
    (fp_line (start -0.162779 -0.51) (end 0.162779 -0.51) (layer F.SilkS) (width 0.12))
    (fp_line (start -0.162779 0.51) (end 0.162779 0.51) (layer F.SilkS) (width 0.12))
    (fp_line (start -1.48 0.73) (end -1.48 -0.73) (layer F.CrtYd) (width 0.05))
    (fp_line (start -1.48 -0.73) (end 1.48 -0.73) (layer F.CrtYd) (width 0.05))
    (fp_line (start 1.48 -0.73) (end 1.48 0.73) (layer F.CrtYd) (width 0.05))
    (fp_line (start 1.48 0.73) (end -1.48 0.73) (layer F.CrtYd) (width 0.05))
    (fp_text user %R (at 0 0 270) (layer F.Fab)
      (effects (font (size 0.4 0.4) (thickness 0.06)))
    )
    (pad 1 smd roundrect (at -0.7875 0 270) (size 0.875 0.95) (layers F.Cu F.Paste F.Mask) (roundrect_rratio 0.25)
      (net 126 +3V3))
    (pad 2 smd roundrect (at 0.7875 0 270) (size 0.875 0.95) (layers F.Cu F.Paste F.Mask) (roundrect_rratio 0.25)
      (net 123 GND))
    (model ${KISYS3DMOD}/Capacitor_SMD.3dshapes/C_0603_1608Metric.wrl
      (at (xyz 0 0 0))
      (scale (xyz 1 1 1))
      (rotate (xyz 0 0 0))
    )
  )

  (module Capacitor_SMD:C_0603_1608Metric (layer F.Cu) (tedit 5B301BBE) (tstamp 5C96EE43)
    (at 134.239 97.79 90)
    (descr "Capacitor SMD 0603 (1608 Metric), square (rectangular) end terminal, IPC_7351 nominal, (Body size source: http://www.tortai-tech.com/upload/download/2011102023233369053.pdf), generated with kicad-footprint-generator")
    (tags capacitor)
    (path /5CAC3D25/5CB18DA3)
    (attr smd)
    (fp_text reference C34 (at 0 -1.43 90) (layer F.SilkS)
      (effects (font (size 1 1) (thickness 0.15)))
    )
    (fp_text value C_Small (at 0 1.43 90) (layer F.Fab)
      (effects (font (size 1 1) (thickness 0.15)))
    )
    (fp_text user %R (at 0 0 90) (layer F.Fab)
      (effects (font (size 0.4 0.4) (thickness 0.06)))
    )
    (fp_line (start 1.48 0.73) (end -1.48 0.73) (layer F.CrtYd) (width 0.05))
    (fp_line (start 1.48 -0.73) (end 1.48 0.73) (layer F.CrtYd) (width 0.05))
    (fp_line (start -1.48 -0.73) (end 1.48 -0.73) (layer F.CrtYd) (width 0.05))
    (fp_line (start -1.48 0.73) (end -1.48 -0.73) (layer F.CrtYd) (width 0.05))
    (fp_line (start -0.162779 0.51) (end 0.162779 0.51) (layer F.SilkS) (width 0.12))
    (fp_line (start -0.162779 -0.51) (end 0.162779 -0.51) (layer F.SilkS) (width 0.12))
    (fp_line (start 0.8 0.4) (end -0.8 0.4) (layer F.Fab) (width 0.1))
    (fp_line (start 0.8 -0.4) (end 0.8 0.4) (layer F.Fab) (width 0.1))
    (fp_line (start -0.8 -0.4) (end 0.8 -0.4) (layer F.Fab) (width 0.1))
    (fp_line (start -0.8 0.4) (end -0.8 -0.4) (layer F.Fab) (width 0.1))
    (pad 2 smd roundrect (at 0.7875 0 90) (size 0.875 0.95) (layers F.Cu F.Paste F.Mask) (roundrect_rratio 0.25)
      (net 123 GND))
    (pad 1 smd roundrect (at -0.7875 0 90) (size 0.875 0.95) (layers F.Cu F.Paste F.Mask) (roundrect_rratio 0.25)
      (net 126 +3V3))
    (model ${KISYS3DMOD}/Capacitor_SMD.3dshapes/C_0603_1608Metric.wrl
      (at (xyz 0 0 0))
      (scale (xyz 1 1 1))
      (rotate (xyz 0 0 0))
    )
  )

  (module Capacitor_SMD:C_0603_1608Metric (layer F.Cu) (tedit 5B301BBE) (tstamp 5C96EE32)
    (at 153.035 106.934 90)
    (descr "Capacitor SMD 0603 (1608 Metric), square (rectangular) end terminal, IPC_7351 nominal, (Body size source: http://www.tortai-tech.com/upload/download/2011102023233369053.pdf), generated with kicad-footprint-generator")
    (tags capacitor)
    (path /5CAC3D25/5CB18E2B)
    (attr smd)
    (fp_text reference C35 (at 0 -1.43 90) (layer F.SilkS)
      (effects (font (size 1 1) (thickness 0.15)))
    )
    (fp_text value C_Small (at 0 1.43 90) (layer F.Fab)
      (effects (font (size 1 1) (thickness 0.15)))
    )
    (fp_line (start -0.8 0.4) (end -0.8 -0.4) (layer F.Fab) (width 0.1))
    (fp_line (start -0.8 -0.4) (end 0.8 -0.4) (layer F.Fab) (width 0.1))
    (fp_line (start 0.8 -0.4) (end 0.8 0.4) (layer F.Fab) (width 0.1))
    (fp_line (start 0.8 0.4) (end -0.8 0.4) (layer F.Fab) (width 0.1))
    (fp_line (start -0.162779 -0.51) (end 0.162779 -0.51) (layer F.SilkS) (width 0.12))
    (fp_line (start -0.162779 0.51) (end 0.162779 0.51) (layer F.SilkS) (width 0.12))
    (fp_line (start -1.48 0.73) (end -1.48 -0.73) (layer F.CrtYd) (width 0.05))
    (fp_line (start -1.48 -0.73) (end 1.48 -0.73) (layer F.CrtYd) (width 0.05))
    (fp_line (start 1.48 -0.73) (end 1.48 0.73) (layer F.CrtYd) (width 0.05))
    (fp_line (start 1.48 0.73) (end -1.48 0.73) (layer F.CrtYd) (width 0.05))
    (fp_text user %R (at 0 0 90) (layer F.Fab)
      (effects (font (size 0.4 0.4) (thickness 0.06)))
    )
    (pad 1 smd roundrect (at -0.7875 0 90) (size 0.875 0.95) (layers F.Cu F.Paste F.Mask) (roundrect_rratio 0.25)
      (net 126 +3V3))
    (pad 2 smd roundrect (at 0.7875 0 90) (size 0.875 0.95) (layers F.Cu F.Paste F.Mask) (roundrect_rratio 0.25)
      (net 123 GND))
    (model ${KISYS3DMOD}/Capacitor_SMD.3dshapes/C_0603_1608Metric.wrl
      (at (xyz 0 0 0))
      (scale (xyz 1 1 1))
      (rotate (xyz 0 0 0))
    )
  )

  (module Capacitor_SMD:C_0603_1608Metric (layer F.Cu) (tedit 5B301BBE) (tstamp 5C96EE21)
    (at 143.637 84.709 180)
    (descr "Capacitor SMD 0603 (1608 Metric), square (rectangular) end terminal, IPC_7351 nominal, (Body size source: http://www.tortai-tech.com/upload/download/2011102023233369053.pdf), generated with kicad-footprint-generator")
    (tags capacitor)
    (path /5CAC3D25/5CB18E5B)
    (attr smd)
    (fp_text reference C36 (at 0 -1.43 180) (layer F.SilkS)
      (effects (font (size 1 1) (thickness 0.15)))
    )
    (fp_text value C_Small (at 0 1.43 180) (layer F.Fab)
      (effects (font (size 1 1) (thickness 0.15)))
    )
    (fp_text user %R (at 0 0 180) (layer F.Fab)
      (effects (font (size 0.4 0.4) (thickness 0.06)))
    )
    (fp_line (start 1.48 0.73) (end -1.48 0.73) (layer F.CrtYd) (width 0.05))
    (fp_line (start 1.48 -0.73) (end 1.48 0.73) (layer F.CrtYd) (width 0.05))
    (fp_line (start -1.48 -0.73) (end 1.48 -0.73) (layer F.CrtYd) (width 0.05))
    (fp_line (start -1.48 0.73) (end -1.48 -0.73) (layer F.CrtYd) (width 0.05))
    (fp_line (start -0.162779 0.51) (end 0.162779 0.51) (layer F.SilkS) (width 0.12))
    (fp_line (start -0.162779 -0.51) (end 0.162779 -0.51) (layer F.SilkS) (width 0.12))
    (fp_line (start 0.8 0.4) (end -0.8 0.4) (layer F.Fab) (width 0.1))
    (fp_line (start 0.8 -0.4) (end 0.8 0.4) (layer F.Fab) (width 0.1))
    (fp_line (start -0.8 -0.4) (end 0.8 -0.4) (layer F.Fab) (width 0.1))
    (fp_line (start -0.8 0.4) (end -0.8 -0.4) (layer F.Fab) (width 0.1))
    (pad 2 smd roundrect (at 0.7875 0 180) (size 0.875 0.95) (layers F.Cu F.Paste F.Mask) (roundrect_rratio 0.25)
      (net 123 GND))
    (pad 1 smd roundrect (at -0.7875 0 180) (size 0.875 0.95) (layers F.Cu F.Paste F.Mask) (roundrect_rratio 0.25)
      (net 126 +3V3))
    (model ${KISYS3DMOD}/Capacitor_SMD.3dshapes/C_0603_1608Metric.wrl
      (at (xyz 0 0 0))
      (scale (xyz 1 1 1))
      (rotate (xyz 0 0 0))
    )
  )

  (module Capacitor_SMD:C_0603_1608Metric (layer F.Cu) (tedit 5B301BBE) (tstamp 5C96EE10)
    (at 152.908 98.044 270)
    (descr "Capacitor SMD 0603 (1608 Metric), square (rectangular) end terminal, IPC_7351 nominal, (Body size source: http://www.tortai-tech.com/upload/download/2011102023233369053.pdf), generated with kicad-footprint-generator")
    (tags capacitor)
    (path /5CAC3D25/5CB18F6F)
    (attr smd)
    (fp_text reference C37 (at 0 -1.43 270) (layer F.SilkS)
      (effects (font (size 1 1) (thickness 0.15)))
    )
    (fp_text value C_Small (at 0 1.43 270) (layer F.Fab)
      (effects (font (size 1 1) (thickness 0.15)))
    )
    (fp_line (start -0.8 0.4) (end -0.8 -0.4) (layer F.Fab) (width 0.1))
    (fp_line (start -0.8 -0.4) (end 0.8 -0.4) (layer F.Fab) (width 0.1))
    (fp_line (start 0.8 -0.4) (end 0.8 0.4) (layer F.Fab) (width 0.1))
    (fp_line (start 0.8 0.4) (end -0.8 0.4) (layer F.Fab) (width 0.1))
    (fp_line (start -0.162779 -0.51) (end 0.162779 -0.51) (layer F.SilkS) (width 0.12))
    (fp_line (start -0.162779 0.51) (end 0.162779 0.51) (layer F.SilkS) (width 0.12))
    (fp_line (start -1.48 0.73) (end -1.48 -0.73) (layer F.CrtYd) (width 0.05))
    (fp_line (start -1.48 -0.73) (end 1.48 -0.73) (layer F.CrtYd) (width 0.05))
    (fp_line (start 1.48 -0.73) (end 1.48 0.73) (layer F.CrtYd) (width 0.05))
    (fp_line (start 1.48 0.73) (end -1.48 0.73) (layer F.CrtYd) (width 0.05))
    (fp_text user %R (at 0 0 270) (layer F.Fab)
      (effects (font (size 0.4 0.4) (thickness 0.06)))
    )
    (pad 1 smd roundrect (at -0.7875 0 270) (size 0.875 0.95) (layers F.Cu F.Paste F.Mask) (roundrect_rratio 0.25)
      (net 126 +3V3))
    (pad 2 smd roundrect (at 0.7875 0 270) (size 0.875 0.95) (layers F.Cu F.Paste F.Mask) (roundrect_rratio 0.25)
      (net 123 GND))
    (model ${KISYS3DMOD}/Capacitor_SMD.3dshapes/C_0603_1608Metric.wrl
      (at (xyz 0 0 0))
      (scale (xyz 1 1 1))
      (rotate (xyz 0 0 0))
    )
  )

  (module Capacitor_SMD:C_0603_1608Metric (layer F.Cu) (tedit 5B301BBE) (tstamp 5C96EDFF)
    (at 143.764 109.474 180)
    (descr "Capacitor SMD 0603 (1608 Metric), square (rectangular) end terminal, IPC_7351 nominal, (Body size source: http://www.tortai-tech.com/upload/download/2011102023233369053.pdf), generated with kicad-footprint-generator")
    (tags capacitor)
    (path /5CAC3D25/5CB18F76)
    (attr smd)
    (fp_text reference C38 (at 0 -1.43 180) (layer F.SilkS)
      (effects (font (size 1 1) (thickness 0.15)))
    )
    (fp_text value C_Small (at 0 1.43 180) (layer F.Fab)
      (effects (font (size 1 1) (thickness 0.15)))
    )
    (fp_text user %R (at 0 0 180) (layer F.Fab)
      (effects (font (size 0.4 0.4) (thickness 0.06)))
    )
    (fp_line (start 1.48 0.73) (end -1.48 0.73) (layer F.CrtYd) (width 0.05))
    (fp_line (start 1.48 -0.73) (end 1.48 0.73) (layer F.CrtYd) (width 0.05))
    (fp_line (start -1.48 -0.73) (end 1.48 -0.73) (layer F.CrtYd) (width 0.05))
    (fp_line (start -1.48 0.73) (end -1.48 -0.73) (layer F.CrtYd) (width 0.05))
    (fp_line (start -0.162779 0.51) (end 0.162779 0.51) (layer F.SilkS) (width 0.12))
    (fp_line (start -0.162779 -0.51) (end 0.162779 -0.51) (layer F.SilkS) (width 0.12))
    (fp_line (start 0.8 0.4) (end -0.8 0.4) (layer F.Fab) (width 0.1))
    (fp_line (start 0.8 -0.4) (end 0.8 0.4) (layer F.Fab) (width 0.1))
    (fp_line (start -0.8 -0.4) (end 0.8 -0.4) (layer F.Fab) (width 0.1))
    (fp_line (start -0.8 0.4) (end -0.8 -0.4) (layer F.Fab) (width 0.1))
    (pad 2 smd roundrect (at 0.7875 0 180) (size 0.875 0.95) (layers F.Cu F.Paste F.Mask) (roundrect_rratio 0.25)
      (net 123 GND))
    (pad 1 smd roundrect (at -0.7875 0 180) (size 0.875 0.95) (layers F.Cu F.Paste F.Mask) (roundrect_rratio 0.25)
      (net 126 +3V3))
    (model ${KISYS3DMOD}/Capacitor_SMD.3dshapes/C_0603_1608Metric.wrl
      (at (xyz 0 0 0))
      (scale (xyz 1 1 1))
      (rotate (xyz 0 0 0))
    )
  )

  (module Capacitor_SMD:C_0603_1608Metric (layer F.Cu) (tedit 5B301BBE) (tstamp 5C97EFDE)
    (at 152.908 102.235 270)
    (descr "Capacitor SMD 0603 (1608 Metric), square (rectangular) end terminal, IPC_7351 nominal, (Body size source: http://www.tortai-tech.com/upload/download/2011102023233369053.pdf), generated with kicad-footprint-generator")
    (tags capacitor)
    (path /5CAC3D25/5CB18F7D)
    (attr smd)
    (fp_text reference C39 (at 0 -1.43 270) (layer F.SilkS)
      (effects (font (size 1 1) (thickness 0.15)))
    )
    (fp_text value C_Small (at 0 1.43 270) (layer F.Fab)
      (effects (font (size 1 1) (thickness 0.15)))
    )
    (fp_line (start -0.8 0.4) (end -0.8 -0.4) (layer F.Fab) (width 0.1))
    (fp_line (start -0.8 -0.4) (end 0.8 -0.4) (layer F.Fab) (width 0.1))
    (fp_line (start 0.8 -0.4) (end 0.8 0.4) (layer F.Fab) (width 0.1))
    (fp_line (start 0.8 0.4) (end -0.8 0.4) (layer F.Fab) (width 0.1))
    (fp_line (start -0.162779 -0.51) (end 0.162779 -0.51) (layer F.SilkS) (width 0.12))
    (fp_line (start -0.162779 0.51) (end 0.162779 0.51) (layer F.SilkS) (width 0.12))
    (fp_line (start -1.48 0.73) (end -1.48 -0.73) (layer F.CrtYd) (width 0.05))
    (fp_line (start -1.48 -0.73) (end 1.48 -0.73) (layer F.CrtYd) (width 0.05))
    (fp_line (start 1.48 -0.73) (end 1.48 0.73) (layer F.CrtYd) (width 0.05))
    (fp_line (start 1.48 0.73) (end -1.48 0.73) (layer F.CrtYd) (width 0.05))
    (fp_text user %R (at 0 0 270) (layer F.Fab)
      (effects (font (size 0.4 0.4) (thickness 0.06)))
    )
    (pad 1 smd roundrect (at -0.7875 0 270) (size 0.875 0.95) (layers F.Cu F.Paste F.Mask) (roundrect_rratio 0.25)
      (net 126 +3V3))
    (pad 2 smd roundrect (at 0.7875 0 270) (size 0.875 0.95) (layers F.Cu F.Paste F.Mask) (roundrect_rratio 0.25)
      (net 123 GND))
    (model ${KISYS3DMOD}/Capacitor_SMD.3dshapes/C_0603_1608Metric.wrl
      (at (xyz 0 0 0))
      (scale (xyz 1 1 1))
      (rotate (xyz 0 0 0))
    )
  )

  (module Resistor_SMD:R_0603_1608Metric (layer F.Cu) (tedit 5B301BBD) (tstamp 5C96AED9)
    (at 134.239 93.98 90)
    (descr "Resistor SMD 0603 (1608 Metric), square (rectangular) end terminal, IPC_7351 nominal, (Body size source: http://www.tortai-tech.com/upload/download/2011102023233369053.pdf), generated with kicad-footprint-generator")
    (tags resistor)
    (path /5CAC3D25/5CAC59FE)
    (attr smd)
    (fp_text reference R34 (at 0 -1.43 90) (layer F.SilkS)
      (effects (font (size 1 1) (thickness 0.15)))
    )
    (fp_text value 0 (at 0 1.43 90) (layer F.Fab)
      (effects (font (size 1 1) (thickness 0.15)))
    )
    (fp_line (start -0.8 0.4) (end -0.8 -0.4) (layer F.Fab) (width 0.1))
    (fp_line (start -0.8 -0.4) (end 0.8 -0.4) (layer F.Fab) (width 0.1))
    (fp_line (start 0.8 -0.4) (end 0.8 0.4) (layer F.Fab) (width 0.1))
    (fp_line (start 0.8 0.4) (end -0.8 0.4) (layer F.Fab) (width 0.1))
    (fp_line (start -0.162779 -0.51) (end 0.162779 -0.51) (layer F.SilkS) (width 0.12))
    (fp_line (start -0.162779 0.51) (end 0.162779 0.51) (layer F.SilkS) (width 0.12))
    (fp_line (start -1.48 0.73) (end -1.48 -0.73) (layer F.CrtYd) (width 0.05))
    (fp_line (start -1.48 -0.73) (end 1.48 -0.73) (layer F.CrtYd) (width 0.05))
    (fp_line (start 1.48 -0.73) (end 1.48 0.73) (layer F.CrtYd) (width 0.05))
    (fp_line (start 1.48 0.73) (end -1.48 0.73) (layer F.CrtYd) (width 0.05))
    (fp_text user %R (at 0 0 90) (layer F.Fab)
      (effects (font (size 0.4 0.4) (thickness 0.06)))
    )
    (pad 1 smd roundrect (at -0.7875 0 90) (size 0.875 0.95) (layers F.Cu F.Paste F.Mask) (roundrect_rratio 0.25)
      (net 239 "Net-(R34-Pad1)"))
    (pad 2 smd roundrect (at 0.7875 0 90) (size 0.875 0.95) (layers F.Cu F.Paste F.Mask) (roundrect_rratio 0.25)
      (net 240 /Memory/EPIOS31))
    (model ${KISYS3DMOD}/Resistor_SMD.3dshapes/R_0603_1608Metric.wrl
      (at (xyz 0 0 0))
      (scale (xyz 1 1 1))
      (rotate (xyz 0 0 0))
    )
  )

  (module Resistor_SMD:R_0603_1608Metric (layer F.Cu) (tedit 5B301BBD) (tstamp 5C959714)
    (at 135.325001 116.946001)
    (descr "Resistor SMD 0603 (1608 Metric), square (rectangular) end terminal, IPC_7351 nominal, (Body size source: http://www.tortai-tech.com/upload/download/2011102023233369053.pdf), generated with kicad-footprint-generator")
    (tags resistor)
    (path /5C8128A2/5CA39A7F)
    (attr smd)
    (fp_text reference R30 (at 0 -1.43) (layer F.SilkS)
      (effects (font (size 1 1) (thickness 0.15)))
    )
    (fp_text value R_Small (at 0 1.43) (layer F.Fab)
      (effects (font (size 1 1) (thickness 0.15)))
    )
    (fp_text user %R (at 0 0) (layer F.Fab)
      (effects (font (size 0.4 0.4) (thickness 0.06)))
    )
    (fp_line (start 1.48 0.73) (end -1.48 0.73) (layer F.CrtYd) (width 0.05))
    (fp_line (start 1.48 -0.73) (end 1.48 0.73) (layer F.CrtYd) (width 0.05))
    (fp_line (start -1.48 -0.73) (end 1.48 -0.73) (layer F.CrtYd) (width 0.05))
    (fp_line (start -1.48 0.73) (end -1.48 -0.73) (layer F.CrtYd) (width 0.05))
    (fp_line (start -0.162779 0.51) (end 0.162779 0.51) (layer F.SilkS) (width 0.12))
    (fp_line (start -0.162779 -0.51) (end 0.162779 -0.51) (layer F.SilkS) (width 0.12))
    (fp_line (start 0.8 0.4) (end -0.8 0.4) (layer F.Fab) (width 0.1))
    (fp_line (start 0.8 -0.4) (end 0.8 0.4) (layer F.Fab) (width 0.1))
    (fp_line (start -0.8 -0.4) (end 0.8 -0.4) (layer F.Fab) (width 0.1))
    (fp_line (start -0.8 0.4) (end -0.8 -0.4) (layer F.Fab) (width 0.1))
    (pad 2 smd roundrect (at 0.7875 0) (size 0.875 0.95) (layers F.Cu F.Paste F.Mask) (roundrect_rratio 0.25)
      (net 123 GND))
    (pad 1 smd roundrect (at -0.7875 0) (size 0.875 0.95) (layers F.Cu F.Paste F.Mask) (roundrect_rratio 0.25)
      (net 235 /Connectors/BOARD_SENSE_1))
    (model ${KISYS3DMOD}/Resistor_SMD.3dshapes/R_0603_1608Metric.wrl
      (at (xyz 0 0 0))
      (scale (xyz 1 1 1))
      (rotate (xyz 0 0 0))
    )
  )

  (module Resistor_SMD:R_0603_1608Metric (layer F.Cu) (tedit 5B301BBD) (tstamp 5C959703)
    (at 135.325001 115.436001)
    (descr "Resistor SMD 0603 (1608 Metric), square (rectangular) end terminal, IPC_7351 nominal, (Body size source: http://www.tortai-tech.com/upload/download/2011102023233369053.pdf), generated with kicad-footprint-generator")
    (tags resistor)
    (path /5C8128A2/5CA39B69)
    (attr smd)
    (fp_text reference R31 (at 0 -1.43) (layer F.SilkS)
      (effects (font (size 1 1) (thickness 0.15)))
    )
    (fp_text value R_Small (at 0 1.43) (layer F.Fab)
      (effects (font (size 1 1) (thickness 0.15)))
    )
    (fp_line (start -0.8 0.4) (end -0.8 -0.4) (layer F.Fab) (width 0.1))
    (fp_line (start -0.8 -0.4) (end 0.8 -0.4) (layer F.Fab) (width 0.1))
    (fp_line (start 0.8 -0.4) (end 0.8 0.4) (layer F.Fab) (width 0.1))
    (fp_line (start 0.8 0.4) (end -0.8 0.4) (layer F.Fab) (width 0.1))
    (fp_line (start -0.162779 -0.51) (end 0.162779 -0.51) (layer F.SilkS) (width 0.12))
    (fp_line (start -0.162779 0.51) (end 0.162779 0.51) (layer F.SilkS) (width 0.12))
    (fp_line (start -1.48 0.73) (end -1.48 -0.73) (layer F.CrtYd) (width 0.05))
    (fp_line (start -1.48 -0.73) (end 1.48 -0.73) (layer F.CrtYd) (width 0.05))
    (fp_line (start 1.48 -0.73) (end 1.48 0.73) (layer F.CrtYd) (width 0.05))
    (fp_line (start 1.48 0.73) (end -1.48 0.73) (layer F.CrtYd) (width 0.05))
    (fp_text user %R (at 0 0) (layer F.Fab)
      (effects (font (size 0.4 0.4) (thickness 0.06)))
    )
    (pad 1 smd roundrect (at -0.7875 0) (size 0.875 0.95) (layers F.Cu F.Paste F.Mask) (roundrect_rratio 0.25)
      (net 234 /Connectors/BOARD_SENSE_2))
    (pad 2 smd roundrect (at 0.7875 0) (size 0.875 0.95) (layers F.Cu F.Paste F.Mask) (roundrect_rratio 0.25)
      (net 123 GND))
    (model ${KISYS3DMOD}/Resistor_SMD.3dshapes/R_0603_1608Metric.wrl
      (at (xyz 0 0 0))
      (scale (xyz 1 1 1))
      (rotate (xyz 0 0 0))
    )
  )

  (module Resistor_SMD:R_0603_1608Metric (layer F.Cu) (tedit 5B301BBD) (tstamp 5C9596F2)
    (at 132.315001 116.946001)
    (descr "Resistor SMD 0603 (1608 Metric), square (rectangular) end terminal, IPC_7351 nominal, (Body size source: http://www.tortai-tech.com/upload/download/2011102023233369053.pdf), generated with kicad-footprint-generator")
    (tags resistor)
    (path /5C8128A2/5CA39C4D)
    (attr smd)
    (fp_text reference R32 (at 0 -1.43) (layer F.SilkS)
      (effects (font (size 1 1) (thickness 0.15)))
    )
    (fp_text value R_Small (at 0 1.43) (layer F.Fab)
      (effects (font (size 1 1) (thickness 0.15)))
    )
    (fp_text user %R (at 0 0) (layer F.Fab)
      (effects (font (size 0.4 0.4) (thickness 0.06)))
    )
    (fp_line (start 1.48 0.73) (end -1.48 0.73) (layer F.CrtYd) (width 0.05))
    (fp_line (start 1.48 -0.73) (end 1.48 0.73) (layer F.CrtYd) (width 0.05))
    (fp_line (start -1.48 -0.73) (end 1.48 -0.73) (layer F.CrtYd) (width 0.05))
    (fp_line (start -1.48 0.73) (end -1.48 -0.73) (layer F.CrtYd) (width 0.05))
    (fp_line (start -0.162779 0.51) (end 0.162779 0.51) (layer F.SilkS) (width 0.12))
    (fp_line (start -0.162779 -0.51) (end 0.162779 -0.51) (layer F.SilkS) (width 0.12))
    (fp_line (start 0.8 0.4) (end -0.8 0.4) (layer F.Fab) (width 0.1))
    (fp_line (start 0.8 -0.4) (end 0.8 0.4) (layer F.Fab) (width 0.1))
    (fp_line (start -0.8 -0.4) (end 0.8 -0.4) (layer F.Fab) (width 0.1))
    (fp_line (start -0.8 0.4) (end -0.8 -0.4) (layer F.Fab) (width 0.1))
    (pad 2 smd roundrect (at 0.7875 0) (size 0.875 0.95) (layers F.Cu F.Paste F.Mask) (roundrect_rratio 0.25)
