(kicad_pcb (version 20171130) (host pcbnew 5.0.1)

  (general
    (thickness 1.6)
    (drawings 4)
    (tracks 101)
    (zones 0)
    (modules 36)
    (nets 247)
  )

  (page A4)
  (layers
    (0 F.Cu signal)
    (1 In1.Cu signal hide)
    (2 In2.Cu signal hide)
    (31 B.Cu signal)
    (32 B.Adhes user)
    (33 F.Adhes user)
    (34 B.Paste user)
    (35 F.Paste user)
    (36 B.SilkS user)
    (37 F.SilkS user)
    (38 B.Mask user)
    (39 F.Mask user)
    (40 Dwgs.User user)
    (41 Cmts.User user)
    (42 Eco1.User user)
    (43 Eco2.User user)
    (44 Edge.Cuts user)
    (45 Margin user)
    (46 B.CrtYd user)
    (47 F.CrtYd user)
    (48 B.Fab user)
    (49 F.Fab user hide)
  )

  (setup
    (last_trace_width 0.25)
    (trace_clearance 0.2)
    (zone_clearance 0.508)
    (zone_45_only no)
    (trace_min 0.127)
    (segment_width 0.2)
    (edge_width 0.15)
    (via_size 0.8)
    (via_drill 0.4)
    (via_min_size 0.508)
    (via_min_drill 0.254)
    (uvia_size 0.3)
    (uvia_drill 0.1)
    (uvias_allowed no)
    (uvia_min_size 0.2)
    (uvia_min_drill 0.1)
    (pcb_text_width 0.3)
    (pcb_text_size 1.5 1.5)
    (mod_edge_width 0.15)
    (mod_text_size 1 1)
    (mod_text_width 0.15)
    (pad_size 1.524 1.524)
    (pad_drill 0.762)
    (pad_to_mask_clearance 0.051)
    (solder_mask_min_width 0.25)
    (aux_axis_origin 0 0)
    (visible_elements FFFFFF7F)
    (pcbplotparams
      (layerselection 0x010fc_ffffffff)
      (usegerberextensions false)
      (usegerberattributes false)
      (usegerberadvancedattributes false)
      (creategerberjobfile false)
      (excludeedgelayer true)
      (linewidth 0.100000)
      (plotframeref false)
      (viasonmask false)
      (mode 1)
      (useauxorigin false)
      (hpglpennumber 1)
      (hpglpenspeed 20)
      (hpglpendiameter 15.000000)
      (psnegative false)
      (psa4output false)
      (plotreference true)
      (plotvalue true)
      (plotinvisibletext false)
      (padsonsilk false)
      (subtractmaskfromsilk false)
      (outputformat 1)
      (mirror false)
      (drillshape 1)
      (scaleselection 1)
      (outputdirectory ""))
  )

  (net 0 "")
  (net 1 "Net-(U1-Pad1)")
  (net 2 "Net-(U1-Pad2)")
  (net 3 "Net-(U1-Pad3)")
  (net 4 "Net-(U1-Pad4)")
  (net 5 "Net-(U1-Pad5)")
  (net 6 "Net-(U1-Pad6)")
  (net 7 "Net-(U1-Pad11)")
  (net 8 "Net-(U1-Pad12)")
  (net 9 "Net-(U1-Pad13)")
  (net 10 "Net-(U1-Pad14)")
  (net 11 "Net-(U1-Pad15)")
  (net 12 "Net-(U1-Pad18)")
  (net 13 "Net-(U1-Pad19)")
  (net 14 "Net-(U1-Pad20)")
  (net 15 "Net-(U1-Pad21)")
  (net 16 "Net-(U1-Pad22)")
  (net 17 "Net-(U1-Pad23)")
  (net 18 "Net-(U1-Pad24)")
  (net 19 "Net-(U1-Pad25)")
  (net 20 "Net-(U1-Pad27)")
  (net 21 "Net-(U1-Pad29)")
  (net 22 "Net-(U1-Pad30)")
  (net 23 "Net-(U1-Pad31)")
  (net 24 "Net-(U1-Pad32)")
  (net 25 "Net-(U1-Pad33)")
  (net 26 "Net-(U1-Pad34)")
  (net 27 "Net-(U1-Pad35)")
  (net 28 "Net-(U1-Pad36)")
  (net 29 "Net-(U1-Pad37)")
  (net 30 "Net-(U1-Pad38)")
  (net 31 "Net-(U1-Pad40)")
  (net 32 "Net-(U1-Pad41)")
  (net 33 "Net-(U1-Pad42)")
  (net 34 "Net-(U1-Pad43)")
  (net 35 "Net-(U1-Pad44)")
  (net 36 "Net-(U1-Pad45)")
  (net 37 "Net-(U1-Pad46)")
  (net 38 "Net-(U1-Pad49)")
  (net 39 "Net-(U1-Pad50)")
  (net 40 "Net-(U1-Pad60)")
  (net 41 "Net-(U1-Pad61)")
  (net 42 "Net-(U1-Pad62)")
  (net 43 "Net-(U1-Pad63)")
  (net 44 "Net-(U1-Pad64)")
  (net 45 "Net-(U1-Pad65)")
  (net 46 "Net-(U1-Pad66)")
  (net 47 "Net-(U1-Pad67)")
  (net 48 "Net-(U1-Pad70)")
  (net 49 "Net-(U1-Pad71)")
  (net 50 "Net-(U1-Pad72)")
  (net 51 "Net-(U1-Pad73)")
  (net 52 "Net-(U1-Pad74)")
  (net 53 "Net-(U1-Pad75)")
  (net 54 "Net-(U1-Pad76)")
  (net 55 "Net-(U1-Pad77)")
  (net 56 "Net-(U1-Pad78)")
  (net 57 "Net-(U1-Pad81)")
  (net 58 "Net-(U1-Pad82)")
  (net 59 "Net-(U1-Pad83)")
  (net 60 "Net-(U1-Pad84)")
  (net 61 "Net-(U1-Pad85)")
  (net 62 "Net-(U1-Pad86)")
  (net 63 "Net-(U1-Pad91)")
  (net 64 "Net-(U1-Pad92)")
  (net 65 "Net-(U1-Pad96)")
  (net 66 "Net-(U1-Pad102)")
  (net 67 "Net-(U1-Pad103)")
  (net 68 "Net-(U1-Pad104)")
  (net 69 "Net-(U1-Pad105)")
  (net 70 "Net-(U1-Pad106)")
  (net 71 "Net-(U1-Pad107)")
  (net 72 "Net-(U1-Pad108)")
  (net 73 "Net-(U1-Pad109)")
  (net 74 "Net-(U1-Pad110)")
  (net 75 "Net-(U1-Pad111)")
  (net 76 "Net-(U1-Pad112)")
  (net 77 "Net-(U1-Pad116)")
  (net 78 "Net-(U1-Pad117)")
  (net 79 "Net-(U1-Pad118)")
  (net 80 "Net-(U1-Pad119)")
  (net 81 "Net-(U1-Pad120)")
  (net 82 "Net-(U1-Pad121)")
  (net 83 "Net-(U1-Pad123)")
  (net 84 "Net-(U1-Pad124)")
  (net 85 "Net-(U1-Pad125)")
  (net 86 "Net-(U1-Pad126)")
  (net 87 "Net-(U1-Pad127)")
  (net 88 "Net-(U1-Pad128)")
  (net 89 "Net-(M3-Pad1)")
  (net 90 "Net-(M3-Pad2)")
  (net 91 "Net-(M3-Pad3)")
  (net 92 "Net-(M3-Pad4)")
  (net 93 "Net-(M3-Pad5)")
  (net 94 "Net-(M3-Pad6)")
  (net 95 "Net-(M3-Pad7)")
  (net 96 "Net-(M3-Pad8)")
  (net 97 "Net-(M3-Pad9)")
  (net 98 "Net-(M3-Pad10)")
  (net 99 "Net-(M3-Pad11)")
  (net 100 "Net-(M3-Pad12)")
  (net 101 "Net-(M3-Pad13)")
  (net 102 "Net-(M3-Pad14)")
  (net 103 "Net-(M3-Pad15)")
  (net 104 "Net-(M3-Pad16)")
  (net 105 "Net-(M3-Pad17)")
  (net 106 "Net-(M3-Pad18)")
  (net 107 "Net-(M3-Pad19)")
  (net 108 "Net-(M3-Pad20)")
  (net 109 "Net-(M3-Pad21)")
  (net 110 "Net-(M3-Pad22)")
  (net 111 "Net-(M3-Pad23)")
  (net 112 "Net-(M3-Pad24)")
  (net 113 "Net-(M1-Pad1)")
  (net 114 "Net-(M1-Pad2)")
  (net 115 "Net-(M1-Pad3)")
  (net 116 "Net-(M1-Pad4)")
  (net 117 "Net-(M1-Pad5)")
  (net 118 "Net-(M1-Pad6)")
  (net 119 "Net-(M1-Pad7)")
  (net 120 "Net-(M1-Pad8)")
  (net 121 "Net-(M1-Pad9)")
  (net 122 "Net-(M1-Pad10)")
  (net 123 "Net-(M1-Pad11)")
  (net 124 "Net-(M1-Pad12)")
  (net 125 "Net-(M1-Pad13)")
  (net 126 "Net-(M1-Pad14)")
  (net 127 "Net-(M1-Pad15)")
  (net 128 "Net-(M1-Pad16)")
  (net 129 "Net-(M1-Pad17)")
  (net 130 "Net-(M1-Pad18)")
  (net 131 "Net-(M1-Pad19)")
  (net 132 "Net-(M1-Pad20)")
  (net 133 "Net-(M1-Pad21)")
  (net 134 "Net-(M1-Pad22)")
  (net 135 "Net-(M1-Pad23)")
  (net 136 "Net-(M1-Pad24)")
  (net 137 "Net-(M2-Pad24)")
  (net 138 "Net-(M2-Pad23)")
  (net 139 "Net-(M2-Pad22)")
  (net 140 "Net-(M2-Pad21)")
  (net 141 "Net-(M2-Pad20)")
  (net 142 "Net-(M2-Pad19)")
  (net 143 "Net-(M2-Pad18)")
  (net 144 "Net-(M2-Pad17)")
  (net 145 "Net-(M2-Pad16)")
  (net 146 "Net-(M2-Pad15)")
  (net 147 "Net-(M2-Pad14)")
  (net 148 "Net-(M2-Pad13)")
  (net 149 "Net-(M2-Pad12)")
  (net 150 "Net-(M2-Pad11)")
  (net 151 "Net-(M2-Pad10)")
  (net 152 "Net-(M2-Pad9)")
  (net 153 "Net-(M2-Pad8)")
  (net 154 "Net-(M2-Pad7)")
  (net 155 "Net-(M2-Pad6)")
  (net 156 "Net-(M2-Pad5)")
  (net 157 "Net-(M2-Pad4)")
  (net 158 "Net-(M2-Pad3)")
  (net 159 "Net-(M2-Pad2)")
  (net 160 "Net-(M2-Pad1)")
  (net 161 "Net-(M4-Pad1)")
  (net 162 "Net-(M4-Pad2)")
  (net 163 "Net-(M4-Pad3)")
  (net 164 "Net-(M4-Pad4)")
  (net 165 "Net-(M4-Pad5)")
  (net 166 "Net-(M4-Pad6)")
  (net 167 "Net-(M4-Pad7)")
  (net 168 "Net-(M4-Pad8)")
  (net 169 "Net-(M4-Pad9)")
  (net 170 "Net-(M4-Pad10)")
  (net 171 "Net-(M4-Pad11)")
  (net 172 "Net-(M4-Pad12)")
  (net 173 "Net-(M4-Pad13)")
  (net 174 "Net-(M4-Pad14)")
  (net 175 "Net-(M4-Pad15)")
  (net 176 "Net-(M4-Pad16)")
  (net 177 "Net-(M4-Pad17)")
  (net 178 "Net-(M4-Pad18)")
  (net 179 "Net-(M4-Pad19)")
  (net 180 "Net-(M4-Pad20)")
  (net 181 "Net-(M4-Pad21)")
  (net 182 "Net-(M4-Pad22)")
  (net 183 "Net-(M4-Pad23)")
  (net 184 "Net-(M4-Pad24)")
  (net 185 "Net-(J1-PadU1)")
  (net 186 "Net-(J1-Pad13)")
  (net 187 "Net-(J1-Pad14)")
  (net 188 "Net-(J1-Pad15)")
  (net 189 "Net-(J1-Pad16)")
  (net 190 "Net-(R2-Pad1)")
  (net 191 GND)
  (net 192 "Net-(C4-Pad2)")
  (net 193 /TM4C129/OSC1)
  (net 194 +3V3)
  (net 195 /TM4C129/ETH_RXI_N)
  (net 196 /TM4C129/ETH_RXI_P)
  (net 197 /TM4C129/ETH_TXO_N)
  (net 198 /TM4C129/ETH_TXO_P)
  (net 199 "Net-(C5-Pad1)")
  (net 200 /TM4C129/OSC0)
  (net 201 /TM4C129/USB_D_N)
  (net 202 /TM4C129/USB_D_P)
  (net 203 /TM4C129/USB_ID)
  (net 204 /TM4C129/JTAG_TDO)
  (net 205 /TM4C129/JTAG_TDI)
  (net 206 /TM4C129/JTAG_TMS)
  (net 207 /TM4C129/JTAG_TCK)
  (net 208 "Net-(C12-Pad1)")
  (net 209 "Net-(C14-Pad1)")
  (net 210 "Net-(R4-Pad1)")
  (net 211 "Net-(R5-Pad1)")
  (net 212 "Net-(R3-Pad1)")
  (net 213 "Net-(R3-Pad2)")
  (net 214 "Net-(U2-Pad1)")
  (net 215 "Net-(U2-Pad2)")
  (net 216 "Net-(U2-Pad6)")
  (net 217 "Net-(U2-Pad7)")
  (net 218 "Net-(C15-Pad2)")
  (net 219 /ft232h/D-)
  (net 220 /ft232h/D+)
  (net 221 "Net-(C16-Pad1)")
  (net 222 /ft232h/ADBUS0)
  (net 223 /ft232h/ADBUS1)
  (net 224 /ft232h/ADBUS2)
  (net 225 /ft232h/ADBUS3)
  (net 226 /ft232h/ADBUS4)
  (net 227 /ft232h/ADBUS5)
  (net 228 /ft232h/ADBUS6)
  (net 229 /ft232h/ADBUS7)
  (net 230 /ft232h/ACBUS0)
  (net 231 /ft232h/ACBUS1)
  (net 232 /ft232h/ACBUS2)
  (net 233 /ft232h/ACBUS3)
  (net 234 /ft232h/ACBUS4)
  (net 235 /ft232h/ACBUS5)
  (net 236 /ft232h/ACBUS6)
  (net 237 /ft232h/ACBUS7)
  (net 238 /ft232h/ACBUS8)
  (net 239 /ft232h/ACBUS9)
  (net 240 "Net-(C13-Pad1)")
  (net 241 +1V8)
  (net 242 +5V)
  (net 243 +BATT)
  (net 244 "Net-(J2-Pad1)")
  (net 245 "Net-(C17-Pad2)")
  (net 246 "Net-(C18-Pad2)")

  (net_class Default "This is the default net class."
    (clearance 0.2)
    (trace_width 0.25)
    (via_dia 0.8)
    (via_drill 0.4)
    (uvia_dia 0.3)
    (uvia_drill 0.1)
    (add_net +1V8)
    (add_net +3V3)
    (add_net +5V)
    (add_net +BATT)
    (add_net /TM4C129/ETH_RXI_N)
    (add_net /TM4C129/ETH_RXI_P)
    (add_net /TM4C129/ETH_TXO_N)
    (add_net /TM4C129/ETH_TXO_P)
    (add_net /TM4C129/JTAG_TCK)
    (add_net /TM4C129/JTAG_TDI)
    (add_net /TM4C129/JTAG_TDO)
    (add_net /TM4C129/JTAG_TMS)
    (add_net /TM4C129/OSC0)
    (add_net /TM4C129/OSC1)
    (add_net /TM4C129/USB_D_N)
    (add_net /TM4C129/USB_D_P)
    (add_net /TM4C129/USB_ID)
    (add_net /ft232h/ACBUS0)
    (add_net /ft232h/ACBUS1)
    (add_net /ft232h/ACBUS2)
    (add_net /ft232h/ACBUS3)
    (add_net /ft232h/ACBUS4)
    (add_net /ft232h/ACBUS5)
    (add_net /ft232h/ACBUS6)
    (add_net /ft232h/ACBUS7)
    (add_net /ft232h/ACBUS8)
    (add_net /ft232h/ACBUS9)
    (add_net /ft232h/ADBUS0)
    (add_net /ft232h/ADBUS1)
    (add_net /ft232h/ADBUS2)
    (add_net /ft232h/ADBUS3)
    (add_net /ft232h/ADBUS4)
    (add_net /ft232h/ADBUS5)
    (add_net /ft232h/ADBUS6)
    (add_net /ft232h/ADBUS7)
    (add_net /ft232h/D+)
    (add_net /ft232h/D-)
    (add_net GND)
    (add_net "Net-(C12-Pad1)")
    (add_net "Net-(C13-Pad1)")
    (add_net "Net-(C14-Pad1)")
    (add_net "Net-(C15-Pad2)")
    (add_net "Net-(C16-Pad1)")
    (add_net "Net-(C17-Pad2)")
    (add_net "Net-(C18-Pad2)")
    (add_net "Net-(C4-Pad2)")
    (add_net "Net-(C5-Pad1)")
    (add_net "Net-(J1-Pad13)")
    (add_net "Net-(J1-Pad14)")
    (add_net "Net-(J1-Pad15)")
    (add_net "Net-(J1-Pad16)")
    (add_net "Net-(J1-PadU1)")
    (add_net "Net-(J2-Pad1)")
    (add_net "Net-(M1-Pad1)")
    (add_net "Net-(M1-Pad10)")
    (add_net "Net-(M1-Pad11)")
    (add_net "Net-(M1-Pad12)")
    (add_net "Net-(M1-Pad13)")
    (add_net "Net-(M1-Pad14)")
    (add_net "Net-(M1-Pad15)")
    (add_net "Net-(M1-Pad16)")
    (add_net "Net-(M1-Pad17)")
    (add_net "Net-(M1-Pad18)")
    (add_net "Net-(M1-Pad19)")
    (add_net "Net-(M1-Pad2)")
    (add_net "Net-(M1-Pad20)")
    (add_net "Net-(M1-Pad21)")
    (add_net "Net-(M1-Pad22)")
    (add_net "Net-(M1-Pad23)")
    (add_net "Net-(M1-Pad24)")
    (add_net "Net-(M1-Pad3)")
    (add_net "Net-(M1-Pad4)")
    (add_net "Net-(M1-Pad5)")
    (add_net "Net-(M1-Pad6)")
    (add_net "Net-(M1-Pad7)")
    (add_net "Net-(M1-Pad8)")
    (add_net "Net-(M1-Pad9)")
    (add_net "Net-(M2-Pad1)")
    (add_net "Net-(M2-Pad10)")
    (add_net "Net-(M2-Pad11)")
    (add_net "Net-(M2-Pad12)")
    (add_net "Net-(M2-Pad13)")
    (add_net "Net-(M2-Pad14)")
    (add_net "Net-(M2-Pad15)")
    (add_net "Net-(M2-Pad16)")
    (add_net "Net-(M2-Pad17)")
    (add_net "Net-(M2-Pad18)")
    (add_net "Net-(M2-Pad19)")
    (add_net "Net-(M2-Pad2)")
    (add_net "Net-(M2-Pad20)")
    (add_net "Net-(M2-Pad21)")
    (add_net "Net-(M2-Pad22)")
    (add_net "Net-(M2-Pad23)")
    (add_net "Net-(M2-Pad24)")
    (add_net "Net-(M2-Pad3)")
    (add_net "Net-(M2-Pad4)")
    (add_net "Net-(M2-Pad5)")
    (add_net "Net-(M2-Pad6)")
    (add_net "Net-(M2-Pad7)")
    (add_net "Net-(M2-Pad8)")
    (add_net "Net-(M2-Pad9)")
    (add_net "Net-(M3-Pad1)")
    (add_net "Net-(M3-Pad10)")
    (add_net "Net-(M3-Pad11)")
    (add_net "Net-(M3-Pad12)")
    (add_net "Net-(M3-Pad13)")
    (add_net "Net-(M3-Pad14)")
    (add_net "Net-(M3-Pad15)")
    (add_net "Net-(M3-Pad16)")
    (add_net "Net-(M3-Pad17)")
    (add_net "Net-(M3-Pad18)")
    (add_net "Net-(M3-Pad19)")
    (add_net "Net-(M3-Pad2)")
    (add_net "Net-(M3-Pad20)")
    (add_net "Net-(M3-Pad21)")
    (add_net "Net-(M3-Pad22)")
    (add_net "Net-(M3-Pad23)")
    (add_net "Net-(M3-Pad24)")
    (add_net "Net-(M3-Pad3)")
    (add_net "Net-(M3-Pad4)")
    (add_net "Net-(M3-Pad5)")
    (add_net "Net-(M3-Pad6)")
    (add_net "Net-(M3-Pad7)")
    (add_net "Net-(M3-Pad8)")
    (add_net "Net-(M3-Pad9)")
    (add_net "Net-(M4-Pad1)")
    (add_net "Net-(M4-Pad10)")
    (add_net "Net-(M4-Pad11)")
    (add_net "Net-(M4-Pad12)")
    (add_net "Net-(M4-Pad13)")
    (add_net "Net-(M4-Pad14)")
    (add_net "Net-(M4-Pad15)")
    (add_net "Net-(M4-Pad16)")
    (add_net "Net-(M4-Pad17)")
    (add_net "Net-(M4-Pad18)")
    (add_net "Net-(M4-Pad19)")
    (add_net "Net-(M4-Pad2)")
    (add_net "Net-(M4-Pad20)")
    (add_net "Net-(M4-Pad21)")
    (add_net "Net-(M4-Pad22)")
    (add_net "Net-(M4-Pad23)")
    (add_net "Net-(M4-Pad24)")
    (add_net "Net-(M4-Pad3)")
    (add_net "Net-(M4-Pad4)")
    (add_net "Net-(M4-Pad5)")
    (add_net "Net-(M4-Pad6)")
    (add_net "Net-(M4-Pad7)")
    (add_net "Net-(M4-Pad8)")
    (add_net "Net-(M4-Pad9)")
    (add_net "Net-(R2-Pad1)")
    (add_net "Net-(R3-Pad1)")
    (add_net "Net-(R3-Pad2)")
    (add_net "Net-(R4-Pad1)")
    (add_net "Net-(R5-Pad1)")
    (add_net "Net-(U1-Pad1)")
    (add_net "Net-(U1-Pad102)")
    (add_net "Net-(U1-Pad103)")
    (add_net "Net-(U1-Pad104)")
    (add_net "Net-(U1-Pad105)")
    (add_net "Net-(U1-Pad106)")
    (add_net "Net-(U1-Pad107)")
    (add_net "Net-(U1-Pad108)")
    (add_net "Net-(U1-Pad109)")
    (add_net "Net-(U1-Pad11)")
    (add_net "Net-(U1-Pad110)")
    (add_net "Net-(U1-Pad111)")
    (add_net "Net-(U1-Pad112)")
    (add_net "Net-(U1-Pad116)")
    (add_net "Net-(U1-Pad117)")
    (add_net "Net-(U1-Pad118)")
    (add_net "Net-(U1-Pad119)")
    (add_net "Net-(U1-Pad12)")
    (add_net "Net-(U1-Pad120)")
    (add_net "Net-(U1-Pad121)")
    (add_net "Net-(U1-Pad123)")
    (add_net "Net-(U1-Pad124)")
    (add_net "Net-(U1-Pad125)")
    (add_net "Net-(U1-Pad126)")
    (add_net "Net-(U1-Pad127)")
    (add_net "Net-(U1-Pad128)")
    (add_net "Net-(U1-Pad13)")
    (add_net "Net-(U1-Pad14)")
    (add_net "Net-(U1-Pad15)")
    (add_net "Net-(U1-Pad18)")
    (add_net "Net-(U1-Pad19)")
    (add_net "Net-(U1-Pad2)")
    (add_net "Net-(U1-Pad20)")
    (add_net "Net-(U1-Pad21)")
    (add_net "Net-(U1-Pad22)")
    (add_net "Net-(U1-Pad23)")
    (add_net "Net-(U1-Pad24)")
    (add_net "Net-(U1-Pad25)")
    (add_net "Net-(U1-Pad27)")
    (add_net "Net-(U1-Pad29)")
    (add_net "Net-(U1-Pad3)")
    (add_net "Net-(U1-Pad30)")
    (add_net "Net-(U1-Pad31)")
    (add_net "Net-(U1-Pad32)")
    (add_net "Net-(U1-Pad33)")
    (add_net "Net-(U1-Pad34)")
    (add_net "Net-(U1-Pad35)")
    (add_net "Net-(U1-Pad36)")
    (add_net "Net-(U1-Pad37)")
    (add_net "Net-(U1-Pad38)")
    (add_net "Net-(U1-Pad4)")
    (add_net "Net-(U1-Pad40)")
    (add_net "Net-(U1-Pad41)")
    (add_net "Net-(U1-Pad42)")
    (add_net "Net-(U1-Pad43)")
    (add_net "Net-(U1-Pad44)")
    (add_net "Net-(U1-Pad45)")
    (add_net "Net-(U1-Pad46)")
    (add_net "Net-(U1-Pad49)")
    (add_net "Net-(U1-Pad5)")
    (add_net "Net-(U1-Pad50)")
    (add_net "Net-(U1-Pad6)")
    (add_net "Net-(U1-Pad60)")
    (add_net "Net-(U1-Pad61)")
    (add_net "Net-(U1-Pad62)")
    (add_net "Net-(U1-Pad63)")
    (add_net "Net-(U1-Pad64)")
    (add_net "Net-(U1-Pad65)")
    (add_net "Net-(U1-Pad66)")
    (add_net "Net-(U1-Pad67)")
    (add_net "Net-(U1-Pad70)")
    (add_net "Net-(U1-Pad71)")
    (add_net "Net-(U1-Pad72)")
    (add_net "Net-(U1-Pad73)")
    (add_net "Net-(U1-Pad74)")
    (add_net "Net-(U1-Pad75)")
    (add_net "Net-(U1-Pad76)")
    (add_net "Net-(U1-Pad77)")
    (add_net "Net-(U1-Pad78)")
    (add_net "Net-(U1-Pad81)")
    (add_net "Net-(U1-Pad82)")
    (add_net "Net-(U1-Pad83)")
    (add_net "Net-(U1-Pad84)")
    (add_net "Net-(U1-Pad85)")
    (add_net "Net-(U1-Pad86)")
    (add_net "Net-(U1-Pad91)")
    (add_net "Net-(U1-Pad92)")
    (add_net "Net-(U1-Pad96)")
    (add_net "Net-(U2-Pad1)")
    (add_net "Net-(U2-Pad2)")
    (add_net "Net-(U2-Pad6)")
    (add_net "Net-(U2-Pad7)")
  )

  (module Capacitor_SMD:C_0603_1608Metric (layer F.Cu) (tedit 5B301BBE) (tstamp 5C86CE5C)
    (at 135.255 133.858)
    (descr "Capacitor SMD 0603 (1608 Metric), square (rectangular) end terminal, IPC_7351 nominal, (Body size source: http://www.tortai-tech.com/upload/download/2011102023233369053.pdf), generated with kicad-footprint-generator")
    (tags capacitor)
    (path /5C8128A2/5C9AD3E7)
    (attr smd)
    (fp_text reference C18 (at 0 -1.43) (layer F.SilkS)
      (effects (font (size 1 1) (thickness 0.15)))
    )
    (fp_text value C_Small (at 0 1.43) (layer F.Fab)
      (effects (font (size 1 1) (thickness 0.15)))
    )
    (fp_text user %R (at 0 0) (layer F.Fab)
      (effects (font (size 0.4 0.4) (thickness 0.06)))
    )
    (fp_line (start 1.48 0.73) (end -1.48 0.73) (layer F.CrtYd) (width 0.05))
    (fp_line (start 1.48 -0.73) (end 1.48 0.73) (layer F.CrtYd) (width 0.05))
    (fp_line (start -1.48 -0.73) (end 1.48 -0.73) (layer F.CrtYd) (width 0.05))
    (fp_line (start -1.48 0.73) (end -1.48 -0.73) (layer F.CrtYd) (width 0.05))
    (fp_line (start -0.162779 0.51) (end 0.162779 0.51) (layer F.SilkS) (width 0.12))
    (fp_line (start -0.162779 -0.51) (end 0.162779 -0.51) (layer F.SilkS) (width 0.12))
    (fp_line (start 0.8 0.4) (end -0.8 0.4) (layer F.Fab) (width 0.1))
    (fp_line (start 0.8 -0.4) (end 0.8 0.4) (layer F.Fab) (width 0.1))
    (fp_line (start -0.8 -0.4) (end 0.8 -0.4) (layer F.Fab) (width 0.1))
    (fp_line (start -0.8 0.4) (end -0.8 -0.4) (layer F.Fab) (width 0.1))
    (pad 2 smd roundrect (at 0.7875 0) (size 0.875 0.95) (layers F.Cu F.Paste F.Mask) (roundrect_rratio 0.25)
      (net 246 "Net-(C18-Pad2)"))
    (pad 1 smd roundrect (at -0.7875 0) (size 0.875 0.95) (layers F.Cu F.Paste F.Mask) (roundrect_rratio 0.25)
      (net 191 GND))
    (model ${KISYS3DMOD}/Capacitor_SMD.3dshapes/C_0603_1608Metric.wrl
      (at (xyz 0 0 0))
      (scale (xyz 1 1 1))
      (rotate (xyz 0 0 0))
    )
  )

  (module Capacitor_SMD:C_0603_1608Metric (layer F.Cu) (tedit 5B301BBE) (tstamp 5C86CD8B)
    (at 118.618 140.716 270)
    (descr "Capacitor SMD 0603 (1608 Metric), square (rectangular) end terminal, IPC_7351 nominal, (Body size source: http://www.tortai-tech.com/upload/download/2011102023233369053.pdf), generated with kicad-footprint-generator")
    (tags capacitor)
    (path /5C8128A2/5C9AD39E)
    (attr smd)
    (fp_text reference C17 (at 0 -1.43 270) (layer F.SilkS)
      (effects (font (size 1 1) (thickness 0.15)))
    )
    (fp_text value C_Small (at 0 1.43 270) (layer F.Fab)
      (effects (font (size 1 1) (thickness 0.15)))
    )
    (fp_line (start -0.8 0.4) (end -0.8 -0.4) (layer F.Fab) (width 0.1))
    (fp_line (start -0.8 -0.4) (end 0.8 -0.4) (layer F.Fab) (width 0.1))
    (fp_line (start 0.8 -0.4) (end 0.8 0.4) (layer F.Fab) (width 0.1))
    (fp_line (start 0.8 0.4) (end -0.8 0.4) (layer F.Fab) (width 0.1))
    (fp_line (start -0.162779 -0.51) (end 0.162779 -0.51) (layer F.SilkS) (width 0.12))
    (fp_line (start -0.162779 0.51) (end 0.162779 0.51) (layer F.SilkS) (width 0.12))
    (fp_line (start -1.48 0.73) (end -1.48 -0.73) (layer F.CrtYd) (width 0.05))
    (fp_line (start -1.48 -0.73) (end 1.48 -0.73) (layer F.CrtYd) (width 0.05))
    (fp_line (start 1.48 -0.73) (end 1.48 0.73) (layer F.CrtYd) (width 0.05))
    (fp_line (start 1.48 0.73) (end -1.48 0.73) (layer F.CrtYd) (width 0.05))
    (fp_text user %R (at 0 0 270) (layer F.Fab)
      (effects (font (size 0.4 0.4) (thickness 0.06)))
    )
    (pad 1 smd roundrect (at -0.7875 0 270) (size 0.875 0.95) (layers F.Cu F.Paste F.Mask) (roundrect_rratio 0.25)
      (net 191 GND))
    (pad 2 smd roundrect (at 0.7875 0 270) (size 0.875 0.95) (layers F.Cu F.Paste F.Mask) (roundrect_rratio 0.25)
      (net 245 "Net-(C17-Pad2)"))
    (model ${KISYS3DMOD}/Capacitor_SMD.3dshapes/C_0603_1608Metric.wrl
      (at (xyz 0 0 0))
      (scale (xyz 1 1 1))
      (rotate (xyz 0 0 0))
    )
  )

  (module Connector_USB:USB_B_OST_USB-B1HSxx_Horizontal (layer F.Cu) (tedit 5AFE01FF) (tstamp 5C865105)
    (at 87.63 149.86 270)
    (descr "USB B receptacle, Horizontal, through-hole, http://www.on-shore.com/wp-content/uploads/2015/09/usb-b1hsxx.pdf")
    (tags "USB-B receptacle horizontal through-hole")
    (path /5C8128A2/5C8C92DA)
    (fp_text reference J2 (at 6.76 -7.77 270) (layer F.SilkS)
      (effects (font (size 1 1) (thickness 0.15)))
    )
    (fp_text value USB_B (at 6.76 10.27 270) (layer F.Fab)
      (effects (font (size 1 1) (thickness 0.15)))
    )
    (fp_line (start -0.49 -4.8) (end 15.01 -4.8) (layer F.Fab) (width 0.1))
    (fp_line (start 15.01 -4.8) (end 15.01 7.3) (layer F.Fab) (width 0.1))
    (fp_line (start 15.01 7.3) (end -1.49 7.3) (layer F.Fab) (width 0.1))
    (fp_line (start -1.49 7.3) (end -1.49 -3.8) (layer F.Fab) (width 0.1))
    (fp_line (start -1.49 -3.8) (end -0.49 -4.8) (layer F.Fab) (width 0.1))
    (fp_line (start 2.66 -4.91) (end -1.6 -4.91) (layer F.SilkS) (width 0.12))
    (fp_line (start -1.6 -4.91) (end -1.6 7.41) (layer F.SilkS) (width 0.12))
    (fp_line (start -1.6 7.41) (end 2.66 7.41) (layer F.SilkS) (width 0.12))
    (fp_line (start 6.76 -4.91) (end 15.12 -4.91) (layer F.SilkS) (width 0.12))
    (fp_line (start 15.12 -4.91) (end 15.12 7.41) (layer F.SilkS) (width 0.12))
    (fp_line (start 15.12 7.41) (end 6.76 7.41) (layer F.SilkS) (width 0.12))
    (fp_line (start -1.82 0) (end -2.32 -0.5) (layer F.SilkS) (width 0.12))
    (fp_line (start -2.32 -0.5) (end -2.32 0.5) (layer F.SilkS) (width 0.12))
    (fp_line (start -2.32 0.5) (end -1.82 0) (layer F.SilkS) (width 0.12))
    (fp_line (start -1.99 -7.02) (end -1.99 9.52) (layer F.CrtYd) (width 0.05))
    (fp_line (start -1.99 9.52) (end 15.51 9.52) (layer F.CrtYd) (width 0.05))
    (fp_line (start 15.51 9.52) (end 15.51 -7.02) (layer F.CrtYd) (width 0.05))
    (fp_line (start 15.51 -7.02) (end -1.99 -7.02) (layer F.CrtYd) (width 0.05))
    (fp_text user %R (at 6.76 1.25 270) (layer F.Fab)
      (effects (font (size 1 1) (thickness 0.15)))
    )
    (pad 1 thru_hole rect (at 0 0 270) (size 1.7 1.7) (drill 0.92) (layers *.Cu *.Mask)
      (net 244 "Net-(J2-Pad1)"))
    (pad 2 thru_hole circle (at 0 2.5 270) (size 1.7 1.7) (drill 0.92) (layers *.Cu *.Mask)
      (net 219 /ft232h/D-))
    (pad 3 thru_hole circle (at 2 2.5 270) (size 1.7 1.7) (drill 0.92) (layers *.Cu *.Mask)
      (net 220 /ft232h/D+))
    (pad 4 thru_hole circle (at 2 0 270) (size 1.7 1.7) (drill 0.92) (layers *.Cu *.Mask)
      (net 191 GND))
    (pad 5 thru_hole circle (at 4.71 -4.77 270) (size 3.5 3.5) (drill 2.33) (layers *.Cu *.Mask)
      (net 191 GND))
    (pad 5 thru_hole circle (at 4.71 7.27 270) (size 3.5 3.5) (drill 2.33) (layers *.Cu *.Mask)
      (net 191 GND))
    (model ${KISYS3DMOD}/Connector_USB.3dshapes/USB_B_OST_USB-B1HSxx_Horizontal.wrl
      (at (xyz 0 0 0))
      (scale (xyz 1 1 1))
      (rotate (xyz 0 0 0))
    )
  )

  (module Crystal:Crystal_SMD_3225-4Pin_3.2x2.5mm (layer F.Cu) (tedit 5A0FD1B2) (tstamp 5C8E73E0)
    (at 106.172 126.111 180)
    (descr "SMD Crystal SERIES SMD3225/4 http://www.txccrystal.com/images/pdf/7m-accuracy.pdf, 3.2x2.5mm^2 package")
    (tags "SMD SMT crystal")
    (path /5C80AE96/5C6E2635)
    (attr smd)
    (fp_text reference Y1 (at 0 -2.45 180) (layer F.SilkS)
      (effects (font (size 1 1) (thickness 0.15)))
    )
    (fp_text value Crystal_GND24 (at 0 2.45 180) (layer F.Fab)
      (effects (font (size 1 1) (thickness 0.15)))
    )
    (fp_line (start 2.1 -1.7) (end -2.1 -1.7) (layer F.CrtYd) (width 0.05))
    (fp_line (start 2.1 1.7) (end 2.1 -1.7) (layer F.CrtYd) (width 0.05))
    (fp_line (start -2.1 1.7) (end 2.1 1.7) (layer F.CrtYd) (width 0.05))
    (fp_line (start -2.1 -1.7) (end -2.1 1.7) (layer F.CrtYd) (width 0.05))
    (fp_line (start -2 1.65) (end 2 1.65) (layer F.SilkS) (width 0.12))
    (fp_line (start -2 -1.65) (end -2 1.65) (layer F.SilkS) (width 0.12))
    (fp_line (start -1.6 0.25) (end -0.6 1.25) (layer F.Fab) (width 0.1))
    (fp_line (start 1.6 -1.25) (end -1.6 -1.25) (layer F.Fab) (width 0.1))
    (fp_line (start 1.6 1.25) (end 1.6 -1.25) (layer F.Fab) (width 0.1))
    (fp_line (start -1.6 1.25) (end 1.6 1.25) (layer F.Fab) (width 0.1))
    (fp_line (start -1.6 -1.25) (end -1.6 1.25) (layer F.Fab) (width 0.1))
    (fp_text user %R (at 0 0 180) (layer F.Fab)
      (effects (font (size 0.7 0.7) (thickness 0.105)))
    )
    (pad 4 smd rect (at -1.1 -0.85 180) (size 1.4 1.2) (layers F.Cu F.Paste F.Mask)
      (net 191 GND))
    (pad 3 smd rect (at 1.1 -0.85 180) (size 1.4 1.2) (layers F.Cu F.Paste F.Mask)
      (net 192 "Net-(C4-Pad2)"))
    (pad 2 smd rect (at 1.1 0.85 180) (size 1.4 1.2) (layers F.Cu F.Paste F.Mask)
      (net 191 GND))
    (pad 1 smd rect (at -1.1 0.85 180) (size 1.4 1.2) (layers F.Cu F.Paste F.Mask)
      (net 200 /TM4C129/OSC0))
    (model ${KISYS3DMOD}/Crystal.3dshapes/Crystal_SMD_3225-4Pin_3.2x2.5mm.wrl
      (at (xyz 0 0 0))
      (scale (xyz 1 1 1))
      (rotate (xyz 0 0 0))
    )
  )

  (module Capacitor_SMD:C_0603_1608Metric (layer F.Cu) (tedit 5B301BBE) (tstamp 5C8E47C2)
    (at 89.235001 127.593999 90)
    (descr "Capacitor SMD 0603 (1608 Metric), square (rectangular) end terminal, IPC_7351 nominal, (Body size source: http://www.tortai-tech.com/upload/download/2011102023233369053.pdf), generated with kicad-footprint-generator")
    (tags capacitor)
    (path /5C80E9D1/5BB05117)
    (attr smd)
    (fp_text reference C11 (at 0 -1.43 90) (layer F.SilkS)
      (effects (font (size 1 1) (thickness 0.15)))
    )
    (fp_text value C_Small (at 0 1.43 90) (layer F.Fab)
      (effects (font (size 1 1) (thickness 0.15)))
    )
    (fp_line (start -0.8 0.4) (end -0.8 -0.4) (layer F.Fab) (width 0.1))
    (fp_line (start -0.8 -0.4) (end 0.8 -0.4) (layer F.Fab) (width 0.1))
    (fp_line (start 0.8 -0.4) (end 0.8 0.4) (layer F.Fab) (width 0.1))
    (fp_line (start 0.8 0.4) (end -0.8 0.4) (layer F.Fab) (width 0.1))
    (fp_line (start -0.162779 -0.51) (end 0.162779 -0.51) (layer F.SilkS) (width 0.12))
    (fp_line (start -0.162779 0.51) (end 0.162779 0.51) (layer F.SilkS) (width 0.12))
    (fp_line (start -1.48 0.73) (end -1.48 -0.73) (layer F.CrtYd) (width 0.05))
    (fp_line (start -1.48 -0.73) (end 1.48 -0.73) (layer F.CrtYd) (width 0.05))
    (fp_line (start 1.48 -0.73) (end 1.48 0.73) (layer F.CrtYd) (width 0.05))
    (fp_line (start 1.48 0.73) (end -1.48 0.73) (layer F.CrtYd) (width 0.05))
    (fp_text user %R (at 0 0 90) (layer F.Fab)
      (effects (font (size 0.4 0.4) (thickness 0.06)))
    )
    (pad 1 smd roundrect (at -0.7875 0 90) (size 0.875 0.95) (layers F.Cu F.Paste F.Mask) (roundrect_rratio 0.25)
      (net 241 +1V8))
    (pad 2 smd roundrect (at 0.7875 0 90) (size 0.875 0.95) (layers F.Cu F.Paste F.Mask) (roundrect_rratio 0.25)
      (net 191 GND))
    (model ${KISYS3DMOD}/Capacitor_SMD.3dshapes/C_0603_1608Metric.wrl
      (at (xyz 0 0 0))
      (scale (xyz 1 1 1))
      (rotate (xyz 0 0 0))
    )
  )

  (module Capacitor_SMD:C_0603_1608Metric (layer F.Cu) (tedit 5B301BBE) (tstamp 5C8E47B1)
    (at 90.745001 130.730999 90)
    (descr "Capacitor SMD 0603 (1608 Metric), square (rectangular) end terminal, IPC_7351 nominal, (Body size source: http://www.tortai-tech.com/upload/download/2011102023233369053.pdf), generated with kicad-footprint-generator")
    (tags capacitor)
    (path /5C80E9D1/5BB0D40D)
    (attr smd)
    (fp_text reference C12 (at 0 -1.43 90) (layer F.SilkS)
      (effects (font (size 1 1) (thickness 0.15)))
    )
    (fp_text value C_Small (at 0 1.43 90) (layer F.Fab)
      (effects (font (size 1 1) (thickness 0.15)))
    )
    (fp_text user %R (at 0 0 90) (layer F.Fab)
      (effects (font (size 0.4 0.4) (thickness 0.06)))
    )
    (fp_line (start 1.48 0.73) (end -1.48 0.73) (layer F.CrtYd) (width 0.05))
    (fp_line (start 1.48 -0.73) (end 1.48 0.73) (layer F.CrtYd) (width 0.05))
    (fp_line (start -1.48 -0.73) (end 1.48 -0.73) (layer F.CrtYd) (width 0.05))
    (fp_line (start -1.48 0.73) (end -1.48 -0.73) (layer F.CrtYd) (width 0.05))
    (fp_line (start -0.162779 0.51) (end 0.162779 0.51) (layer F.SilkS) (width 0.12))
    (fp_line (start -0.162779 -0.51) (end 0.162779 -0.51) (layer F.SilkS) (width 0.12))
    (fp_line (start 0.8 0.4) (end -0.8 0.4) (layer F.Fab) (width 0.1))
    (fp_line (start 0.8 -0.4) (end 0.8 0.4) (layer F.Fab) (width 0.1))
    (fp_line (start -0.8 -0.4) (end 0.8 -0.4) (layer F.Fab) (width 0.1))
    (fp_line (start -0.8 0.4) (end -0.8 -0.4) (layer F.Fab) (width 0.1))
    (pad 2 smd roundrect (at 0.7875 0 90) (size 0.875 0.95) (layers F.Cu F.Paste F.Mask) (roundrect_rratio 0.25)
      (net 191 GND))
    (pad 1 smd roundrect (at -0.7875 0 90) (size 0.875 0.95) (layers F.Cu F.Paste F.Mask) (roundrect_rratio 0.25)
      (net 208 "Net-(C12-Pad1)"))
    (model ${KISYS3DMOD}/Capacitor_SMD.3dshapes/C_0603_1608Metric.wrl
      (at (xyz 0 0 0))
      (scale (xyz 1 1 1))
      (rotate (xyz 0 0 0))
    )
  )

  (module Capacitor_SMD:C_0603_1608Metric (layer F.Cu) (tedit 5B301BBE) (tstamp 5C8E47A0)
    (at 87.725001 127.593999 90)
    (descr "Capacitor SMD 0603 (1608 Metric), square (rectangular) end terminal, IPC_7351 nominal, (Body size source: http://www.tortai-tech.com/upload/download/2011102023233369053.pdf), generated with kicad-footprint-generator")
    (tags capacitor)
    (path /5C80E9D1/5BB046AC)
    (attr smd)
    (fp_text reference C13 (at 0 -1.43 90) (layer F.SilkS)
      (effects (font (size 1 1) (thickness 0.15)))
    )
    (fp_text value C_Small (at 0 1.43 90) (layer F.Fab)
      (effects (font (size 1 1) (thickness 0.15)))
    )
    (fp_line (start -0.8 0.4) (end -0.8 -0.4) (layer F.Fab) (width 0.1))
    (fp_line (start -0.8 -0.4) (end 0.8 -0.4) (layer F.Fab) (width 0.1))
    (fp_line (start 0.8 -0.4) (end 0.8 0.4) (layer F.Fab) (width 0.1))
    (fp_line (start 0.8 0.4) (end -0.8 0.4) (layer F.Fab) (width 0.1))
    (fp_line (start -0.162779 -0.51) (end 0.162779 -0.51) (layer F.SilkS) (width 0.12))
    (fp_line (start -0.162779 0.51) (end 0.162779 0.51) (layer F.SilkS) (width 0.12))
    (fp_line (start -1.48 0.73) (end -1.48 -0.73) (layer F.CrtYd) (width 0.05))
    (fp_line (start -1.48 -0.73) (end 1.48 -0.73) (layer F.CrtYd) (width 0.05))
    (fp_line (start 1.48 -0.73) (end 1.48 0.73) (layer F.CrtYd) (width 0.05))
    (fp_line (start 1.48 0.73) (end -1.48 0.73) (layer F.CrtYd) (width 0.05))
    (fp_text user %R (at 0 0 90) (layer F.Fab)
      (effects (font (size 0.4 0.4) (thickness 0.06)))
    )
    (pad 1 smd roundrect (at -0.7875 0 90) (size 0.875 0.95) (layers F.Cu F.Paste F.Mask) (roundrect_rratio 0.25)
      (net 240 "Net-(C13-Pad1)"))
    (pad 2 smd roundrect (at 0.7875 0 90) (size 0.875 0.95) (layers F.Cu F.Paste F.Mask) (roundrect_rratio 0.25)
      (net 191 GND))
    (model ${KISYS3DMOD}/Capacitor_SMD.3dshapes/C_0603_1608Metric.wrl
      (at (xyz 0 0 0))
      (scale (xyz 1 1 1))
      (rotate (xyz 0 0 0))
    )
  )

  (module Capacitor_SMD:C_0603_1608Metric (layer F.Cu) (tedit 5B301BBE) (tstamp 5C8E478F)
    (at 89.235001 130.730999 90)
    (descr "Capacitor SMD 0603 (1608 Metric), square (rectangular) end terminal, IPC_7351 nominal, (Body size source: http://www.tortai-tech.com/upload/download/2011102023233369053.pdf), generated with kicad-footprint-generator")
    (tags capacitor)
    (path /5C80E9D1/5BB0D3C7)
    (attr smd)
    (fp_text reference C14 (at 0 -1.43 90) (layer F.SilkS)
      (effects (font (size 1 1) (thickness 0.15)))
    )
    (fp_text value C_Small (at 0 1.43 90) (layer F.Fab)
      (effects (font (size 1 1) (thickness 0.15)))
    )
    (fp_text user %R (at 0 0 90) (layer F.Fab)
      (effects (font (size 0.4 0.4) (thickness 0.06)))
    )
    (fp_line (start 1.48 0.73) (end -1.48 0.73) (layer F.CrtYd) (width 0.05))
    (fp_line (start 1.48 -0.73) (end 1.48 0.73) (layer F.CrtYd) (width 0.05))
    (fp_line (start -1.48 -0.73) (end 1.48 -0.73) (layer F.CrtYd) (width 0.05))
    (fp_line (start -1.48 0.73) (end -1.48 -0.73) (layer F.CrtYd) (width 0.05))
    (fp_line (start -0.162779 0.51) (end 0.162779 0.51) (layer F.SilkS) (width 0.12))
    (fp_line (start -0.162779 -0.51) (end 0.162779 -0.51) (layer F.SilkS) (width 0.12))
    (fp_line (start 0.8 0.4) (end -0.8 0.4) (layer F.Fab) (width 0.1))
    (fp_line (start 0.8 -0.4) (end 0.8 0.4) (layer F.Fab) (width 0.1))
    (fp_line (start -0.8 -0.4) (end 0.8 -0.4) (layer F.Fab) (width 0.1))
    (fp_line (start -0.8 0.4) (end -0.8 -0.4) (layer F.Fab) (width 0.1))
    (pad 2 smd roundrect (at 0.7875 0 90) (size 0.875 0.95) (layers F.Cu F.Paste F.Mask) (roundrect_rratio 0.25)
      (net 191 GND))
    (pad 1 smd roundrect (at -0.7875 0 90) (size 0.875 0.95) (layers F.Cu F.Paste F.Mask) (roundrect_rratio 0.25)
      (net 209 "Net-(C14-Pad1)"))
    (model ${KISYS3DMOD}/Capacitor_SMD.3dshapes/C_0603_1608Metric.wrl
      (at (xyz 0 0 0))
      (scale (xyz 1 1 1))
      (rotate (xyz 0 0 0))
    )
  )

  (module Capacitor_SMD:C_0603_1608Metric (layer F.Cu) (tedit 5B301BBE) (tstamp 5C8E477E)
    (at 90.745001 133.740999 90)
    (descr "Capacitor SMD 0603 (1608 Metric), square (rectangular) end terminal, IPC_7351 nominal, (Body size source: http://www.tortai-tech.com/upload/download/2011102023233369053.pdf), generated with kicad-footprint-generator")
    (tags capacitor)
    (path /5C80E9D1/5BB02C60)
    (attr smd)
    (fp_text reference C15 (at 0 -1.43 90) (layer F.SilkS)
      (effects (font (size 1 1) (thickness 0.15)))
    )
    (fp_text value C_Small (at 0 1.43 90) (layer F.Fab)
      (effects (font (size 1 1) (thickness 0.15)))
    )
    (fp_line (start -0.8 0.4) (end -0.8 -0.4) (layer F.Fab) (width 0.1))
    (fp_line (start -0.8 -0.4) (end 0.8 -0.4) (layer F.Fab) (width 0.1))
    (fp_line (start 0.8 -0.4) (end 0.8 0.4) (layer F.Fab) (width 0.1))
    (fp_line (start 0.8 0.4) (end -0.8 0.4) (layer F.Fab) (width 0.1))
    (fp_line (start -0.162779 -0.51) (end 0.162779 -0.51) (layer F.SilkS) (width 0.12))
    (fp_line (start -0.162779 0.51) (end 0.162779 0.51) (layer F.SilkS) (width 0.12))
    (fp_line (start -1.48 0.73) (end -1.48 -0.73) (layer F.CrtYd) (width 0.05))
    (fp_line (start -1.48 -0.73) (end 1.48 -0.73) (layer F.CrtYd) (width 0.05))
    (fp_line (start 1.48 -0.73) (end 1.48 0.73) (layer F.CrtYd) (width 0.05))
    (fp_line (start 1.48 0.73) (end -1.48 0.73) (layer F.CrtYd) (width 0.05))
    (fp_text user %R (at 0 0 90) (layer F.Fab)
      (effects (font (size 0.4 0.4) (thickness 0.06)))
    )
    (pad 1 smd roundrect (at -0.7875 0 90) (size 0.875 0.95) (layers F.Cu F.Paste F.Mask) (roundrect_rratio 0.25)
      (net 191 GND))
    (pad 2 smd roundrect (at 0.7875 0 90) (size 0.875 0.95) (layers F.Cu F.Paste F.Mask) (roundrect_rratio 0.25)
      (net 218 "Net-(C15-Pad2)"))
    (model ${KISYS3DMOD}/Capacitor_SMD.3dshapes/C_0603_1608Metric.wrl
      (at (xyz 0 0 0))
      (scale (xyz 1 1 1))
      (rotate (xyz 0 0 0))
    )
  )

  (module Capacitor_SMD:C_0603_1608Metric (layer F.Cu) (tedit 5B301BBE) (tstamp 5C8E476D)
    (at 86.215001 127.593999 90)
    (descr "Capacitor SMD 0603 (1608 Metric), square (rectangular) end terminal, IPC_7351 nominal, (Body size source: http://www.tortai-tech.com/upload/download/2011102023233369053.pdf), generated with kicad-footprint-generator")
    (tags capacitor)
    (path /5C80E9D1/5BB01B22)
    (attr smd)
    (fp_text reference C16 (at 0 -1.43 90) (layer F.SilkS)
      (effects (font (size 1 1) (thickness 0.15)))
    )
    (fp_text value C_Small (at 0 1.43 90) (layer F.Fab)
      (effects (font (size 1 1) (thickness 0.15)))
    )
    (fp_text user %R (at 0 0 90) (layer F.Fab)
      (effects (font (size 0.4 0.4) (thickness 0.06)))
    )
    (fp_line (start 1.48 0.73) (end -1.48 0.73) (layer F.CrtYd) (width 0.05))
    (fp_line (start 1.48 -0.73) (end 1.48 0.73) (layer F.CrtYd) (width 0.05))
    (fp_line (start -1.48 -0.73) (end 1.48 -0.73) (layer F.CrtYd) (width 0.05))
    (fp_line (start -1.48 0.73) (end -1.48 -0.73) (layer F.CrtYd) (width 0.05))
    (fp_line (start -0.162779 0.51) (end 0.162779 0.51) (layer F.SilkS) (width 0.12))
    (fp_line (start -0.162779 -0.51) (end 0.162779 -0.51) (layer F.SilkS) (width 0.12))
    (fp_line (start 0.8 0.4) (end -0.8 0.4) (layer F.Fab) (width 0.1))
    (fp_line (start 0.8 -0.4) (end 0.8 0.4) (layer F.Fab) (width 0.1))
    (fp_line (start -0.8 -0.4) (end 0.8 -0.4) (layer F.Fab) (width 0.1))
    (fp_line (start -0.8 0.4) (end -0.8 -0.4) (layer F.Fab) (width 0.1))
    (pad 2 smd roundrect (at 0.7875 0 90) (size 0.875 0.95) (layers F.Cu F.Paste F.Mask) (roundrect_rratio 0.25)
      (net 191 GND))
    (pad 1 smd roundrect (at -0.7875 0 90) (size 0.875 0.95) (layers F.Cu F.Paste F.Mask) (roundrect_rratio 0.25)
      (net 221 "Net-(C16-Pad1)"))
    (model ${KISYS3DMOD}/Capacitor_SMD.3dshapes/C_0603_1608Metric.wrl
      (at (xyz 0 0 0))
      (scale (xyz 1 1 1))
      (rotate (xyz 0 0 0))
    )
  )

  (module Crystal:Crystal_HC49-4H_Vertical (layer F.Cu) (tedit 5A1AD3B7) (tstamp 5C8E4747)
    (at 78.232 139.319 270)
    (descr "Crystal THT HC-49-4H http://5hertz.com/pdfs/04404_D.pdf")
    (tags "THT crystalHC-49-4H")
    (path /5C80E9D1/5C73D92C)
    (fp_text reference Y2 (at 2.44 -3.525 270) (layer F.SilkS)
      (effects (font (size 1 1) (thickness 0.15)))
    )
    (fp_text value Crystal (at 2.44 3.525 270) (layer F.Fab)
      (effects (font (size 1 1) (thickness 0.15)))
    )
    (fp_arc (start 5.64 0) (end 5.64 -2.525) (angle 180) (layer F.SilkS) (width 0.12))
    (fp_arc (start -0.76 0) (end -0.76 -2.525) (angle -180) (layer F.SilkS) (width 0.12))
    (fp_arc (start 5.44 0) (end 5.44 -2) (angle 180) (layer F.Fab) (width 0.1))
    (fp_arc (start -0.56 0) (end -0.56 -2) (angle -180) (layer F.Fab) (width 0.1))
    (fp_arc (start 5.64 0) (end 5.64 -2.325) (angle 180) (layer F.Fab) (width 0.1))
    (fp_arc (start -0.76 0) (end -0.76 -2.325) (angle -180) (layer F.Fab) (width 0.1))
    (fp_line (start 8.5 -2.8) (end -3.6 -2.8) (layer F.CrtYd) (width 0.05))
    (fp_line (start 8.5 2.8) (end 8.5 -2.8) (layer F.CrtYd) (width 0.05))
    (fp_line (start -3.6 2.8) (end 8.5 2.8) (layer F.CrtYd) (width 0.05))
    (fp_line (start -3.6 -2.8) (end -3.6 2.8) (layer F.CrtYd) (width 0.05))
    (fp_line (start -0.76 2.525) (end 5.64 2.525) (layer F.SilkS) (width 0.12))
    (fp_line (start -0.76 -2.525) (end 5.64 -2.525) (layer F.SilkS) (width 0.12))
    (fp_line (start -0.56 2) (end 5.44 2) (layer F.Fab) (width 0.1))
    (fp_line (start -0.56 -2) (end 5.44 -2) (layer F.Fab) (width 0.1))
    (fp_line (start -0.76 2.325) (end 5.64 2.325) (layer F.Fab) (width 0.1))
    (fp_line (start -0.76 -2.325) (end 5.64 -2.325) (layer F.Fab) (width 0.1))
    (fp_text user %R (at 2.44 0 270) (layer F.Fab)
      (effects (font (size 1 1) (thickness 0.15)))
    )
    (pad 2 thru_hole circle (at 4.88 0 270) (size 1.5 1.5) (drill 0.8) (layers *.Cu *.Mask)
      (net 209 "Net-(C14-Pad1)"))
    (pad 1 thru_hole circle (at 0 0 270) (size 1.5 1.5) (drill 0.8) (layers *.Cu *.Mask)
      (net 208 "Net-(C12-Pad1)"))
    (model ${KISYS3DMOD}/Crystal.3dshapes/Crystal_HC49-4H_Vertical.wrl
      (at (xyz 0 0 0))
      (scale (xyz 1 1 1))
      (rotate (xyz 0 0 0))
    )
  )

  (module Inductor_SMD:L_0603_1608Metric (layer F.Cu) (tedit 5B301BBE) (tstamp 5C8E41E8)
    (at 87.725001 130.730999 90)
